-444
-436
-452
-500
-512
-508
-488
-420
-320
-264
-296
-480
-676
-816
-840
-660
-368
-24
204
188
-80
-576
-1148
-1512
-1428
-1024
-300
484
808
720
588
-484
-1520
-1880
-1680
-1540
-744
628
876
768
608
172
-1636
-1872
-1724
-1548
-1000
612
920
748
640
224
-1572
-1880
-1688
-1560
-888
532
924
764
604
-148
-1408
-1776
-1668
-1500
-216
500
748
504
-184
-948
-1452
-1408
-956
-204
480
676
400
-336
-1248
-1776
-1680
-1508
-316
760
888
740
612
-192
-1876
-1792
-1636
-1516
-772
1020
884
752
600
292
-2064
-1828
-1696
-1552
-1244
1052
848
768
616
428
-1840
-1812
-1744
-1612
-1404
840
908
792
668
512
-1408
-1876
-1812
-1644
-1460
444
920
860
640
520
-912
-1964
-1796
-1624
-1492
-64
1000
876
692
536
-420
-2088
-1856
-1612
-1516
-488
1092
868
680
544
-160
-2128
-1816
-1640
-1520
-592
1072
860
736
552
-180
-2096
-1812
-1636
-1500
-600
1068
860
700
580
-48
-2108
-1812
-1660
-1504
-812
1092
880
712
584
136
-2104
-1800
-1668
-1556
-1020
1084
840
748
596
208
-2084
-1764
-1672
-1572
-1048
996
868
744
588
200
-2060
-1796
-1656
-1544
-1008
984
876
760
592
156
-2044
-1832
-1660
-1532
-968
1020
884
740
576
172
-1988
-1812
-1680
-1536
-1024
992
884
756
632
204
-1964
-1812
-1648
-1516
-1052
936
872
744
592
244
-1948
-1828
-1700
-1532
-1076
928
872
748
588
260
-1912
-1796
-1668
-1564
-1084
944
896
744
612
292
-1920
-1804
-1688
-1532
-1152
924
928
756
628
304
-1892
-1780
-1656
-1568
-1072
936
904
736
600
184
-1952
-1800
-1660
-1504
-960
960
860
748
596
88
-2028
-1796
-1680
-1524
-856
1024
864
768
588
68
-2068
-1800
-1656
-1556
-876
1040
868
744
600
40
-2076
-1792
-1648
-1516
-868
1060
864
720
568
80
-2064
-1836
-1644
-1520
-900
1104
852
752
584
60
-2084
-1792
-1672
-1520
-900
1088
900
708
576
20
-2088
-1836
-1664
-1552
-840
1124
872
724
576
-4
-2132
-1776
-1660
-1532
-728
1108
872
696
568
-136
-2116
-1808
-1652
-1496
-548
1072
864
748
556
-300
-2092
-1804
-1636
-1476
-368
1084
860
696
544
-364
-2076
-1852
-1652
-1500
-360
1068
864
676
512
-344
-2072
-1784
-1656
-1516
-392
1120
852
704
540
-376
-2072
-1816
-1616
-1492
-324
1060
884
696
552
-460
-2020
-1804
-1668
-1508
-272
1072
892
724
544
-508
-2072
-1848
-1612
-1492
-320
1068
872
684
544
-444
-2044
-1832
-1636
-1492
-392
1072
884
712
584
-364
-2080
-1828
-1656
-1508
-388
1076
888
700
556
-392
-2068
-1824
-1600
-1512
-376
1080
848
716
528
-432
-2056
-1820
-1628
-1488
-316
1068
880
724
552
-436
-2036
-1832
-1648
-1500
-360
1064
884
700
548
-400
-2056
-1824
-1624
-1508
-412
1088
876
728
564
-296
-2080
-1816
-1636
-1508
-548
1116
880
704
584
-220
-2116
-1792
-1616
-1504
-592
1092
868
700
548
-144
-2128
-1840
-1660
-1504
-604
1104
876
700
572
-148
-2096
-1796
-1636
-1492
-560
1140
856
720
524
-212
-2104
-1816
-1648
-1536
-584
1116
860
724
556
-88
-2104
-1816
-1636
-1504
-680
1188
900
716
548
-16
-2152
-1796
-1652
-1500
-796
1132
880
724
568
32
-2176
-1816
-1648
-1548
-852
1144
860
748
576
20
-2132
-1792
-1652
-1500
-820
1140
876
700
572
-68
-2172
-1840
-1624
-1512
-732
1108
876
748
576
-128
-2112
-1808
-1640
-1508
-648
1124
888
712
556
-248
-2108
-1824
-1608
-1484
-532
1100
868
692
556
-244
-2084
-1816
-1648
-1488
-484
1100
860
680
564
-252
-2128
-1828
-1640
-1508
-504
1132
872
704
588
-208
-2100
-1844
-1676
-1488
-508
1132
880
688
556
-320
-2116
-1816
-1600
-1500
-404
1068
864
700
572
-456
-2064
-1812
-1616
-1504
-252
1048
860
672
548
-660
-1996
-1796
-1612
-1468
-56
1020
852
672
544
-760
-1976
-1800
-1656
-1464
-4
1040
868
672
552
-780
-1984
-1828
-1648
-1496
-16
1008
872
672
540
-708
-1960
-1780
-1644
-1496
-120
1044
856
732
564
-600
-1988
-1820
-1624
-1508
-180
1032
856
680
532
-584
-2004
-1824
-1656
-1464
-204
1044
884
712
568
-648
-2008
-1844
-1628
-1492
-120
1044
848
692
520
-676
-1992
-1796
-1640
-1516
-136
1020
904
724
536
-700
-1996
-1868
-1640
-1464
-68
1040
868
704
544
-628
-1992
-1832
-1628
-1476
-200
1040
860
712
564
-572
-2032
-1844
-1628
-1516
-260
1052
856
708
536
-524
-2064
-1816
-1660
-1512
-268
1072
856
720
536
-580
-2024
-1808
-1644
-1504
-208
1052
892
700
564
-660
-2004
-1804
-1628
-1464
-80
1040
840
700
576
-684
-2012
-1844
-1608
-1496
-124
1064
884
680
556
-660
-1992
-1808
-1632
-1500
-152
1024
876
684
560
-560
-2044
-1828
-1636
-1492
-240
1084
888
680
560
-484
-2044
-1808
-1612
-1472
-344
1072
852
704
544
-388
-2064
-1796
-1636
-1500
-388
1088
880
700
564
-364
-2064
-1816
-1612
-1528
-428
1120
896
700
544
-404
-2064
-1832
-1612
-1496
-392
1080
904
708
568
-360
-2104
-1836
-1624
-1504
-464
1100
880
696
600
-268
-2076
-1872
-1680
-1520
-548
1132
844
704
564
-232
-2124
-1812
-1652
-1516
-540
1124
888
708
532
-228
-2096
-1808
-1640
-1536
-520
1136
912
688
536
-284
-2104
-1852
-1640
-1500
-460
1108
900
700
564
-344
-2064
-1800
-1648
-1500
-400
1096
896
708
544
-456
-2064
-1824
-1620
-1512
-344
1060
896
712
564
-436
-2076
-1820
-1608
-1476
-340
1060
856
680
580
-380
-2064
-1812
-1648
-1492
-416
1088
860
692
560
-296
-2088
-1848
-1628
-1500
-480
1132
848
696
564
-320
-2092
-1816
-1656
-1472
-456
1104
864
724
564
-340
-2080
-1840
-1632
-1512
-416
1096
872
716
552
-308
-2064
-1828
-1636
-1516
-480
1080
900
724
560
-332
-2064
-1792
-1632
-1484
-480
1112
864
724
536
-328
-2100
-1820
-1632
-1476
-472
1128
860
704
580
-276
-2108
-1856
-1648
-1492
-460
1100
888
716
548
-304
-2088
-1828
-1612
-1508
-416
1108
888
684
556
-432
-2052
-1840
-1648
-1492
-296
1064
864
724
568
-520
-2032
-1832
-1628
-1484
-216
1084
884
680
548
-568
-2028
-1824
-1648
-1504
-208
1064
844
696
560
-548
-2024
-1792
-1620
-1464
-292
1044
896
708
552
-476
-2056
-1844
-1616
-1488
-332
1044
888
692
588
-392
-2080
-1812
-1632
-1488
-416
1064
840
708
564
-364
-2104
-1816
-1636
-1492
-440
1088
896
716
568
-328
-2072
-1796
-1612
-1480
-440
1088
900
700
580
-356
-2100
-1840
-1644
-1496
-448
1092
880
724
584
-312
-2096
-1824
-1596
-1524
-492
1108
844
680
560
-284
-2108
-1816
-1636
-1500
-516
1108
852
668
564
-256
-2132
-1852
-1676
-1500
-520
1088
868
692
544
-272
-2100
-1828
-1644
-1500
-484
1104
860
680
584
-344
-2088
-1824
-1624
-1500
-396
1128
884
708
572
-408
-2084
-1832
-1652
-1520
-364
1076
864
672
556
-424
-2052
-1812
-1636
-1520
-356
1044
880
728
580
-416
-2076
-1820
-1648
-1500
-372
1088
912
696
544
-372
-2064
-1816
-1644
-1512
-424
1084
872
708
564
-344
-2076
-1860
-1612
-1484
-436
1100
856
700
560
-384
-2116
-1808
-1640
-1492
-452
1108
860
708
552
-364
-2092
-1800
-1584
-1508
-432
1108
892
704
576
-336
-2080
-1840
-1648
-1500
-460
1116
884
724
572
-284
-2108
-1844
-1644
-1488
-508
1108
888
692
596
-212
-2104
-1820
-1648
-1532
-524
1140
868
700
540
-232
-2132
-1812
-1636
-1512
-560
1108
888
708
564
-252
-2104
-1832
-1644
-1516
-456
1120
892
736
548
-344
-2088
-1804
-1640
-1476
-416
1088
884
672
556
-364
-2052
-1816
-1648
-1516
-396
1096
896
672
584
-388
-2064
-1800
-1636
-1504
-364
1060
860
700
548
-400
-2064
-1832
-1612
-1504
-396
1068
868
712
560
-328
-2032
-1832
-1636
-1488
-380
1084
852
704
556
-352
-2080
-1828
-1636
-1492
-412
1100
868
728
584
-360
-2084
-1828
-1636
-1500
-416
1076
888
712
576
-400
-2052
-1792
-1632
-1500
-396
1060
864
696
544
-368
-2088
-1812
-1656
-1516
-432
1092
904
676
568
-332
-2104
-1812
-1628
-1508
-456
1132
876
704
564
-296
-2084
-1824
-1620
-1496
-476
1144
884
728
572
-300
-2124
-1800
-1648
-1488
-464
1096
900
712
576
-312
-2100
-1848
-1640
-1480
-412
1108
856
680
572
-416
-2080
-1820
-1616
-1512
-364
1080
836
688
528
-456
-2024
-1800
-1656
-1500
-320
1064
884
716
576
-456
-2056
-1812
-1636
-1512
-332
1096
888
712
556
-432
-2064
-1796
-1636
-1500
-388
1076
868
688
568
-432
-2032
-1832
-1628
-1492
-380
1052
872
692
584
-396
-2056
-1816
-1628
-1548
-380
1064
856
688
576
-404
-2060
-1820
-1644
-1528
-384
1072
904
684
564
-380
-2080
-1796
-1616
-1476
-388
1120
876
712
564
-368
-2064
-1816
-1612
-1512
-412
1104
860
680
572
-284
-2056
-1848
-1636
-1512
-480
1124
852
684
532
-320
-2088
-1828
-1652
-1496
-456
1108
884
708
584
-320
-2060
-1848
-1628
-1476
-432
1068
884
744
600
-400
-2084
-1836
-1636
-1476
-328
1096
860
680
544
-428
-2020
-1828
-1628
-1468
-288
1092
860
688
552
-480
-2052
-1796
-1592
-1512
-296
1084
888
720
588
-444
-2048
-1808
-1612
-1488
-360
1092
884
732
588
-376
-2056
-1792
-1632
-1484
-416
1052
892
732
584
-332
-2068
-1788
-1612
-1460
-420
1108
884
724
560
-348
-2076
-1840
-1624
-1484
-392
1088
888
696
564
-340
-2060
-1824
-1652
-1520
-436
1096
884
688
560
-372
-2108
-1816
-1644
-1476
-432
1108
884
688
564
-280
-2072
-1832
-1612
-1492
-472
1132
896
736
596
-284
-2108
-1820
-1632
-1520
-500
1132
908
692
564
-264
-2096
-1800
-1656
-1500
-508
1116
888
728
572
-284
-2072
-1788
-1640
-1496
-480
1112
896
728
572
-344
-2064
-1828
-1608
-1476
-392
1108
868
696
572
-396
-2032
-1816
-1632
-1476
-344
1108
904
720
588
-412
-2048
-1836
-1644
-1476
-388
1096
888
732
564
-348
-2068
-1808
-1644
-1480
-432
1108
904
740
584
-312
-2076
-1812
-1616
-1480
-500
1116
872
732
592
-252
-2104
-1828
-1612
-1480
-472
1116
884
684
584
-328
-2044
-1804
-1604
-1500
-416
1104
860
732
552
-332
-2056
-1792
-1636
-1500
-456
1088
884
736
548
-292
-2088
-1824
-1632
-1480
-460
1124
840
724
560
-272
-2112
-1820
-1648
-1504
-540
1132
876
700
556
-228
-2116
-1816
-1656
-1512
-576
1136
904
712
596
-192
-2116
-1812
-1636
-1452
-544
1112
860
728
564
-224
-2088
-1856
-1644
-1520
-492
1132
836
716
592
-320
-2076
-1828
-1636
-1492
-392
1092
868
688
564
-356
-2052
-1824
-1640
-1496
-340
1120
892
724
576
-396
-2044
-1824
-1624
-1500
-420
1088
904
716
604
-344
-2064
-1824
-1656
-1472
-424
1124
896
680
576
-284
-2072
-1816
-1592
-1500
-520
1108
892
732
588
-228
-2088
-1836
-1636
-1492
-540
1140
880
752
588
-208
-2084
-1800
-1636
-1504
-480
1116
908
716
596
-268
-2084
-1832
-1668
-1468
-476
1124
880
704
592
-256
-2096
-1812
-1616
-1500
-540
1156
908
724
588
-192
-2092
-1816
-1632
-1496
-576
1156
888
716
572
-140
-2144
-1820
-1632
-1472
-616
1140
876
720
576
-184
-2112
-1804
-1612
-1492
-592
1140
884
704
564
-156
-2136
-1824
-1632
-1508
-536
1108
880
716
576
-276
-2092
-1824
-1636
-1524
-444
1124
888
740
588
-332
-2056
-1840
-1620
-1520
-432
1100
884
680
608
-344
-2060
-1824
-1656
-1520
-444
1108
892
708
548
-324
-2064
-1800
-1616
-1508
-472
1128
888
684
580
-288
-2088
-1828
-1628
-1488
-500
1116
888
720
560
-248
-2092
-1808
-1624
-1504
-524
1112
892
704
572
-264
-2100
-1800
-1616
-1476
-528
1120
872
700
608
-260
-2140
-1848
-1632
-1476
-500
1108
904
700
592
-232
-2088
-1796
-1628
-1492
-560
1088
884
724
580
-184
-2144
-1836
-1648
-1496
-592
1132
904
700
584
-144
-2116
-1796
-1640
-1480
-588
1164
932
724
544
-200
-2108
-1816
-1616
-1492
-556
1148
900
724
544
-300
-2088
-1824
-1640
-1488
-456
1096
868
712
588
-368
-2064
-1840
-1636
-1476
-356
1092
860
712
596
-356
-2084
-1808
-1628
-1476
-376
1080
896
724
600
-324
-2056
-1824
-1624
-1480
-436
1104
892
748
612
-296
-2088
-1812
-1632
-1472
-480
1132
896
700
568
-252
-2064
-1828
-1664
-1476
-500
1128
896
708
588
-216
-2048
-1812
-1624
-1500
-568
1144
864
716
608
-252
-2112
-1792
-1644
-1500
-480
1128
904
720
608
-260
-2068
-1844
-1620
-1488
-528
1136
860
724
572
-228
-2092
-1828
-1632
-1508
-536
1128
904
744
584
-168
-2128
-1808
-1628
-1480
-548
1132
900
724
576
-172
-2116
-1820
-1648
-1484
-536
1144
912
740
564
-208
-2088
-1840
-1644
-1508
-528
1084
900
740
576
-292
-2068
-1792
-1616
-1480
-444
1076
872
704
588
-336
-2056
-1824
-1600
-1488
-416
1092
896
748
564
-352
-2068
-1816
-1628
-1500
-412
1144
888
736
568
-312
-2064
-1796
-1612
-1500
-476
1104
876
720
580
-252
-2080
-1808
-1612
-1532
-524
1100
888
708
604
-276
-2080
-1860
-1608
-1492
-520
1136
880
728
588
-284
-2076
-1840
-1624
-1504
-500
1088
884
724
588
-296
-2064
-1820
-1656
-1472
-492
1132
888
720
564
-260
-2072
-1784
-1624
-1496
-516
1124
876
692
568
-224
-2112
-1876
-1612
-1500
-560
1132
876
700
600
-160
-2104
-1840
-1660
-1512
-588
1156
880
704
568
-176
-2092
-1820
-1632
-1516
-572
1152
860
700
572
-212
-2088
-1816
-1624
-1504
-568
1092
884
700
580
-260
-2036
-1800
-1612
-1500
-440
1068
872
716
552
-336
-2088
-1800
-1644
-1500
-412
1108
900
672
576
-372
-2052
-1808
-1636
-1480
-432
1064
848
708
564
-308
-2056
-1792
-1624
-1488
-500
1068
884
728
588
-288
-2088
-1812
-1640
-1512
-504
1088
836
712
576
-276
-2100
-1796
-1648
-1500
-528
1108
880
700
584
-260
-2080
-1784
-1620
-1512
-500
1132
900
724
560
-276
-2064
-1792
-1640
-1504
-548
1124
872
708
544
-220
-2108
-1804
-1628
-1480
-544
1108
860
720
592
-156
-2120
-1844
-1604
-1524
-576
1148
900
704
572
-160
-2176
-1840
-1640
-1488
-612
1132
868
708
572
-136
-2144
-1824
-1612
-1520
-604
1160
892
704
560
-204
-2132
-1816
-1620
-1516
-560
1148
896
704
612
-248
-2124
-1808
-1592
-1508
-504
1100
864
700
560
-276
-2064
-1816
-1636
-1504
-456
1092
880
720
576
-292
-2088
-1820
-1656
-1484
-500
1100
896
696
556
-268
-2080
-1816
-1636
-1524
-548
1064
864
720
584
-204
-2076
-1816
-1616
-1492
-568
1100
880
764
560
-208
-2112
-1840
-1664
-1476
-556
1140
888
720
568
-232
-2100
-1796
-1632
-1536
-568
1096
892
700
588
-200
-2092
-1792
-1648
-1536
-572
1140
904
744
576
-180
-2160
-1848
-1632
-1500
-652
1136
868
728
596
-152
-2136
-1836
-1620
-1520
-676
1176
868
720
576
-104
-2148
-1824
-1636
-1520
-680
1124
904
680
556
-156
-2092
-1816
-1632
-1512
-616
1112
884
732
568
-220
-2100
-1860
-1616
-1460
-524
1120
880
684
568
-292
-2084
-1820
-1656
-1500
-476
1124
880
696
580
-284
-2112
-1816
-1640
-1496
-484
1100
876
700
548
-252
-2096
-1824
-1656
-1496
-548
1116
900
700
572
-196
-2108
-1820
-1640
-1504
-604
1104
868
772
588
-208
-2120
-1784
-1612
-1520
-616
1140
920
732
612
-164
-2096
-1812
-1652
-1500
-604
1156
896
696
544
-208
-2144
-1832
-1656
-1484
-600
1116
896
720
600
-188
-2140
-1828
-1644
-1488
-632
1128
856
692
588
-120
-2112
-1820
-1644
-1492
-640
1136
908
680
592
-92
-2136
-1816
-1656
-1500
-684
1136
908
724
588
-80
-2148
-1824
-1668
-1520
-684
1108
896
740
576
-180
-2120
-1848
-1628
-1520
-648
1136
872
688
592
-172
-2080
-1816
-1632
-1476
-568
1108
860
716
576
-272
-2144
-1812
-1604
-1484
-500
1100
884
744
584
-240
-2088
-1812
-1612
-1488
-564
1120
872
700
544
-204
-2084
-1816
-1616
-1500
-588
1120
884
684
556
-160
-2104
-1820
-1624
-1496
-628
1112
884
700
588
-172
-2100
-1832
-1660
-1524
-580
1136
880
728
600
-184
-2128
-1792
-1680
-1492
-592
1112
904
716
576
-160
-2104
-1840
-1660
-1516
-576
1136
908
712
588
-184
-2112
-1828
-1656
-1492
-600
1124
872
680
568
-124
-2088
-1816
-1656
-1536
-660
1156
888
716
600
-68
-2132
-1840
-1644
-1520
-652
1156
844
712
608
-112
-2136
-1820
-1636
-1516
-684
1116
904
724
572
-140
-2136
-1840
-1652
-1508
-604
1140
868
724
548
-200
-2064
-1816
-1644
-1500
-544
1108
868
712
564
-280
-2088
-1832
-1616
-1508
-508
1120
904
728
580
-252
-2084
-1812
-1620
-1500
-520
1124
880
692
572
-232
-2088
-1800
-1616
-1520
-564
1112
872
700
568
-204
-2100
-1824
-1656
-1528
-616
1152
884
708
600
-164
-2124
-1796
-1640
-1508
-644
1120
876
664
564
-140
-2100
-1812
-1620
-1520
-624
1148
880
712
556
-176
-2108
-1824
-1652
-1492
-596
1116
904
700
576
-172
-2092
-1836
-1636
-1492
-640
1132
884
748
576
-108
-2112
-1812
-1648
-1468
-684
1148
888
724
588
-76
-2148
-1828
-1676
-1500
-704
1156
884
704
572
-80
-2108
-1816
-1628
-1532
-728
1120
900
708
564
-100
-2136
-1816
-1636
-1504
-624
1136
904
716
580
-188
-2088
-1816
-1652
-1516
-568
1152
896
708
584
-264
-2092
-1812
-1636
-1500
-504
1112
864
712
580
-228
-2088
-1824
-1632
-1468
-552
1108
884
720
564
-216
-2100
-1832
-1604
-1496
-576
1120
872
736
568
-200
-2116
-1812
-1644
-1492
-636
1116
884
720
568
-176
-2088
-1804
-1616
-1516
-640
1156
888
680
584
-168
-2100
-1816
-1628
-1512
-608
1084
876
716
588
-116
-2120
-1844
-1636
-1472
-608
1160
884
728
588
-108
-2128
-1824
-1640
-1520
-660
1132
868
736
588
-120
-2144
-1828
-1636
-1492
-692
1128
852
720
584
-84
-2120
-1824
-1636
-1484
-688
1152
880
740
592
-92
-2128
-1844
-1624
-1500
-700
1124
880
716
564
-156
-2124
-1816
-1636
-1492
-588
1088
872
696
584
-244
-2076
-1792
-1628
-1508
-536
1116
884
724
536
-276
-2112
-1800
-1632
-1520
-544
1088
876
708
564
-204
-2124
-1808
-1604
-1492
-564
1128
904
724
548
-184
-2100
-1812
-1640
-1484
-624
1104
904
764
572
-148
-2116
-1820
-1636
-1512
-664
1132
912
704
576
-132
-2112
-1816
-1648
-1508
-640
1148
900
720
600
-160
-2092
-1836
-1656
-1520
-636
1148
860
700
612
-144
-2088
-1840
-1636
-1524
-660
1132
884
724
568
-96
-2108
-1824
-1648
-1500
-660
1128
884
704
608
-72
-2132
-1820
-1652
-1504
-696
1160
892
680
584
-60
-2152
-1824
-1616
-1496
-732
1144
856
696
576
-92
-2128
-1800
-1636
-1504
-700
1176
904
732
588
-140
-2064
-1816
-1636
-1520
-592
1116
844
680
564
-228
-2084
-1804
-1664
-1504
-612
1108
908
740
568
-228
-2088
-1816
-1616
-1512
-612
1096
884
688
564
-208
-2076
-1816
-1652
-1500
-636
1116
876
732
600
-148
-2108
-1852
-1656
-1500
-640
1112
880
720
548
-112
-2100
-1776
-1636
-1508
-668
1120
880
716
592
-112
-2128
-1804
-1644
-1508
-652
1112
896
716
604
-116
-2092
-1796
-1632
-1500
-628
1136
904
716
580
-112
-2120
-1832
-1644
-1508
-688
1152
912
704
588
-68
-2152
-1824
-1648
-1484
-684
1132
864
692
576
-40
-2132
-1816
-1632
-1520
-788
1156
852
684
572
-48
-2132
-1856
-1640
-1520
-728
1140
868
728
592
-52
-2132
-1816
-1636
-1500
-720
1156
872
700
552
-152
-2080
-1816
-1648
-1508
-616
1120
892
724
596
-200
-2100
-1832
-1668
-1480
-584
1124
860
724
568
-208
-2112
-1800
-1648
-1488
-632
1124
888
732
556
-160
-2128
-1844
-1656
-1524
-628
1132
872
684
564
-128
-2088
-1816
-1640
-1500
-704
1136
872
700
568
-88
-2132
-1804
-1616
-1544
-688
1108
892
700
584
-108
-2088
-1816
-1632
-1496
-672
1144
896
728
576
-96
-2144
-1824
-1660
-1536
-660
1140
908
724
584
-100
-2148
-1868
-1624
-1520
-704
1132
928
744
564
-52
-2148
-1824
-1636
-1500
-736
1160
880
708
612
-16
-2156
-1800
-1628
-1516
-752
1148
856
704
576
-12
-2128
-1812
-1640
-1504
-796
1116
852
728
592
-20
-2136
-1856
-1644
-1520
-660
1156
892
704
564
-108
-2136
-1840
-1636
-1548
-620
1120
852
720
572
-128
-2068
-1820
-1636
-1508
-620
1132
904
700
556
-160
-2112
-1820
-1632
-1500
-652
1136
916
708
580
-120
-2092
-1852
-1616
-1488
-656
1148
876
724
568
-80
-2124
-1836
-1656
-1516
-692
1112
868
712
556
-80
-2100
-1832
-1652
-1476
-716
1108
884
720
592
-84
-2144
-1808
-1640
-1520
-724
1140
864
700
556
-132
-2152
-1812
-1660
-1472
-688
1164
876
700
572
-48
-2132
-1832
-1640
-1496
-720
1152
900
700
608
-8
-2144
-1816
-1632
-1524
-756
1144
852
696
580
-12
-2160
-1816
-1652
-1500
-752
1120
876
728
588
4
-2172
-1828
-1644
-1500
-808
1136
904
724
588
-32
-2160
-1808
-1644
-1512
-724
1132
920
748
572
-76
-2104
-1812
-1636
-1492
-624
1120
860
728
608
-120
-2144
-1840
-1656
-1496
-648
1136
884
716
576
-144
-2092
-1824
-1628
-1500
-652
1156
908
700
564
-120
-2132
-1808
-1636
-1492
-680
1124
876
696
576
-84
-2080
-1852
-1656
-1500
-692
1132
860
732
568
-40
-2116
-1804
-1680
-1536
-668
1148
888
724
588
-60
-2140
-1796
-1656
-1512
-700
1156
856
712
564
-76
-2112
-1788
-1632
-1540
-732
1152
912
732
632
-68
-2140
-1820
-1636
-1476
-740
1156
900
664
600
-16
-2144
-1812
-1632
-1508
-744
1156
880
720
604
-8
-2140
-1816
-1616
-1500
-760
1172
892
716
564
-24
-2112
-1816
-1648
-1500
-708
1116
872
724
588
-84
-2100
-1824
-1632
-1504
-644
1120
876
696
596
-180
-2076
-1828
-1652
-1520
-640
1108
896
744
592
-160
-2148
-1836
-1648
-1488
-660
1116
896
700
564
-132
-2124
-1812
-1648
-1512
-660
1132
884
704
580
-80
-2132
-1816
-1656
-1500
-696
1132
916
708
548
-100
-2100
-1820
-1636
-1512
-724
1120
884
724
568
-48
-2108
-1808
-1632
-1536
-724
1148
884
728
564
-96
-2088
-1836
-1656
-1520
-724
1172
904
740
592
-48
-2140
-1816
-1652
-1516
-736
1132
876
724
572
-56
-2164
-1792
-1636
-1516
-792
1172
872
768
596
48
-2152
-1844
-1644
-1512
-796
1148
912
692
608
12
-2136
-1812
-1636
-1540
-748
1164
892
728
552
-216
-2064
-1792
-1644
-1480
-220
1020
868
680
536
-1076
-1908
-1760
-1596
-1404
656
976
816
640
284
-1928
-1800
-1712
-1540
-688
1036
884
740
616
-456
-2012
-1792
-1640
-1504
-212
1076
872
672
620
-508
-1972
-1824
-1640
-1544
-440
1032
884
724
596
-84
-1896
-1796
-1664
-1544
-1008
732
936
772
672
496
-1352
-1924
-1748
-1612
-1480
-100
820
924
768
656
-76
-1364
-1876
-1700
-1576
-1300
72
784
856
708
568
-648
-1324
-1712
-1668
-1520
-580
112
636
724
432
-140
-752
-1316
-1544
-1328
-796
-240
292
492
364
0
-560
-1008
-1248
-1164
-840
-308
68
204
124
-172
-548
-896
-996
-888
-588
-248
-64
-52
-184
-420
-652
-736
-660
-568
-388
-296
-252
-364
-508
-628
-636
-564
-412
-224
-160
-220
-332
-516
-736
-796
-784
-636
-420
-188
-32
-32
-208
-456
-676
-908
-936
-812
-500
-224
-40
4
-188
-444
-736
-848
-860
-676
-440
-184
-36
-92
-288
-568
-796
-872
-788
-592
-316
-128
-56
-144
-364
-644
-804
-868
-752
-524
-296
-140
-92
-184
-388
-616
-832
-860
-716
-500
-276
-108
-52
-180
-360
-576
-844
-884
-792
-520
-276
-104
20
-84
-344
-640
-908
-976
-884
-580
-276
44
164
20
-232
-620
-976
-1160
-1056
-716
-252
140
292
156
-148
-616
-1024
-1296
-1144
-824
-304
148
372
224
-100
-636
-1092
-1276
-1180
-792
-300
204
372
264
-100
-652
-1096
-1308
-1180
-800
-232
208
380
232
-152
-640
-1072
-1292
-1140
-768
-292
156
320
248
-156
-616
-1024
-1216
-1104
-736
-296
80
244
132
-208
-600
-924
-1076
-956
-648
-292
-24
104
-4
-276
-616
-856
-996
-844
-568
-252
-48
20
-140
-348
-648
-828
-892
-764
-512
-224
-64
-20
-164
-392
-692
-896
-884
-744
-468
-224
-72
-32
-208
-432
-656
-860
-884
-704
-440
-208
-76
-72
-220
-508
-708
-820
-816
-644
-408
-184
-156
-156
-276
-504
-704
-752
-720
-604
-436
-268
-168
-188
-276
-432
-612
-668
-696
-636
-536
-432
-332
-296
-284
-328
-432
-532
-556
-612
-592
-548
-500
-428
-368
-348
-348
-400
-424
-456
-544
-548
-552
-536
-452
-456
-416
-404
-384
-364
-412
-516
-568
-576
-568
-552
-480
-380
-320
-296
-344
-448
-564
-612
-584
-544
-460
-388
-340
-312
-344
-452
-516
-568
-616
-548
-516
-448
-356
-300
-312
-388
-448
-548
-592
-568
-568
-544
-432
-364
-316
-312
-384
-472
-540
-604
-588
-536
-444
-416
-384
-364
-404
-476
-536
-528
-580
-480
-424
-400
-384
-396
-432
-500
-524
-488
-488
-456
-432
-408
-436
-424
-468
-516
-500
-500
-444
-412
-408
-392
-452
-452
-492
-548
-516
-528
-504
-408
-392
-356
-344
-404
-460
-488
-500
-536
-548
-500
-468
-400
-384
-376
-396
-432
-480
-536
-592
-592
-512
-480
-384
-288
-332
-368
-472
-564
-604
-624
-580
-460
-344
-312
-288
-344
-476
-568
-628
-592
-548
-420
-328
-296
-324
-408
-504
-596
-624
-628
-492
-416
-292
-256
-316
-396
-524
-620
-660
-620
-548
-368
-276
-212
-272
-360
-500
-644
-704
-640
-572
-404
-288
-176
-228
-316
-512
-616
-708
-712
-600
-452
-328
-196
-200
-276
-472
-588
-684
-652
-568
-480
-328
-252
-260
-300
-440
-592
-632
-648
-560
-444
-364
-320
-324
-376
-460
-532
-568
-552
-512
-432
-368
-364
-368
-404
-448
-528
-544
-496
-512
-476
-388
-392
-416
-448
-508
-516
-524
-504
-432
-388
-376
-384
-412
-500
-584
-560
-568
-516
-412
-340
-328
-384
-460
-540
-608
-560
-508
-436
-388
-364
-380
-432
-472
-532
-564
-532
-424
-420
-372
-384
-412
-500
-568
-540
-528
-452
-388
-304
-304
-364
-488
-580
-616
-624
-496
-412
-316
-268
-300
-396
-500
-624
-620
-636
-520
-416
-288
-276
-276
-348
-488
-640
-676
-680
-556
-388
-316
-220
-256
-328
-464
-636
-720
-676
-576
-456
-292
-216
-268
-328
-472
-600
-680
-636
-568
-456
-320
-264
-284
-388
-536
-612
-612
-596
-524
-392
-344
-272
-320
-396
-512
-596
-628
-588
-488
-384
-324
-288
-384
-452
-536
-580
-604
-580
-500
-432
-344
-276
-336
-432
-520
-616
-636
-556
-464
-388
-296
-296
-376
-488
-556
-636
-616
-544
-420
-372
-312
-284
-376
-456
-560
-620
-596
-536
-456
-344
-276
-328
-392
-520
-588
-596
-580
-524
-440
-364
-320
-344
-416
-492
-548
-592
-572
-492
-412
-324
-308
-364
-456
-540
-588
-560
-544
-464
-400
-308
-316
-364
-432
-524
-576
-604
-540
-476
-388
-328
-292
-336
-428
-520
-592
-580
-512
-452
-376
-380
-368
-388
-480
-508
-544
-548
-504
-420
-364
-368
-392
-440
-472
-516
-540
-508
-460
-400
-376
-396
-440
-492
-500
-504
-492
-516
-436
-416
-360
-404
-416
-516
-548
-548
-540
-456
-428
-392
-376
-392
-412
-512
-568
-556
-524
-452
-412
-364
-396
-412
-448
-500
-584
-516
-524
-456
-416
-412
-364
-396
-436
-516
-520
-520
-500
-472
-432
-412
-392
-396
-432
-480
-500
-512
-512
-432
-424
-404
-388
-432
-432
-496
-524
-536
-480
-456
-436
-400
-436
-448
-464
-484
-516
-516
-488
-448
-432
-396
-408
-412
-460
-480
-504
-524
-516
-504
-416
-388
-372
-432
-420
-480
-500
-512
-520
-456
-436
-412
-388
-388
-420
-476
-500
-504
-508
-488
-452
-408
-388
-388
-424
-456
-488
-504
-516
-500
-456
-416
-388
-412
-420
-492
-520
-508
-500
-444
-456
-384
-392
-412
-428
-480
-480
-484
-496
-432
-432
-392
-432
-428
-456
-500
-508
-524
-508
-456
-400
-408
-432
-424
-416
-492
-500
-512
-560
-488
-416
-388
-388
-412
-436
-504
-508
-540
-488
-496
-404
-360
-364
-416
-432
-484
-532
-540
-504
-500
-436
-412
-352
-376
-416
-484
-512
-540
-556
-500
-456
-388
-376
-372
-460
-468
-500
-524
-484
-436
-452
-396
-380
-368
-432
-472
-500
-524
-516
-504
-448
-408
-376
-396
-412
-472
-500
-548
-568
-520
-452
-384
-384
-364
-420
-496
-504
-540
-544
-500
-456
-384
-380
-348
-384
-432
-532
-564
-548
-528
-464
-412
-388
-384
-404
-424
-496
-524
-488
-512
-488
-428
-400
-420
-432
-448
-472
-500
-528
-500
-456
-420
-432
-372
-396
-460
-528
-476
-464
-468
-452
-424
-428
-432
-432
-476
-476
-480
-464
-468
-412
-404
-380
-412
-448
-496
-524
-500
-480
-456
-432
-416
-412
-420
-476
-492
-520
-544
-500
-436
-412
-396
-400
-432
-472
-500
-512
-516
-468
-460
-412
-416
-412
-436
-480
-476
-512
-548
-452
-408
-376
-428
-388
-448
-500
-516
-512
-500
-472
-412
-416
-372
-420
-436
-484
-508
-508
-460
-460
-420
-432
-388
-424
-468
-496
-524
-488
-488
-448
-404
-392
-408
-400
-432
-484
-492
-472
-500
-456
-424
-436
-412
-408
-472
-480
-500
-488
-500
-452
-440
-456
-436
-428
-424
-444
-508
-488
-468
-468
-448
-428
-424
-420
-460
-432
-480
-452
-456
-468
-456
-444
-460
-456
-464
-472
-444
-460
-464
-480
-436
-468
-472
-456
-476
-484
-468
-456
-456
-436
-476
-456
-476
-492
-456
-464
-456
-428
-472
-448
-416
-436
-448
-480
-472
-496
-468
-420
-420
-424
-424
-424
-416
-448
-460
-476
-472
-432
-436
-440
-428
-440
-456
-448
-452
-476
-444
-460
-440
-400
-456
-412
-480
-480
-456
-488
-468
-464
-432
-428
-424
-460
-452
-476
-456
-472
-472
-480
-456
-440
-432
-436
-428
-500
-452
-492
-496
-468
-428
-408
-452
-424
-452
-452
-464
-500
-448
-484
-476
-416
-436
-464
-432
-440
-436
-464
-476
-456
-456
-444
-420
-432
-436
-460
-432
-436
-456
-480
-488
-472
-448
-448
-464
-452
-436
-464
-420
-440
-492
-424
-464
-440
-476
-480
-468
-408
-428
-432
-456
-464
-500
-484
-472
-448
-432
-448
-444
-456
-436
-448
-456
-492
-464
-452
-432
-412
-404
-436
-460
-456
-460
-492
-484
-452
-456
-420
-412
-420
-440
-452
-484
-476
-448
-468
-460
-440
-396
-412
-456
-460
-500
-472
-460
-412
-456
-420
-432
-444
-436
-468
-524
-496
-464
-472
-456
-420
-420
-432
-444
-488
-496
-492
-468
-432
-392
-392
-448
-452
-456
-500
-484
-512
-480
-420
-412
-404
-404
-460
-484
-464
-480
-504
-476
-464
-400
-388
-428
-468
-480
-520
-496
-512
-464
-400
-432
-424
-412
-480
-504
-508
-484
-500
-452
-416
-412
-380
-448
-464
-496
-520
-500
-500
-444
-432
-372
-412
-424
-460
-496
-512
-504
-484
-480
-408
-368
-364
-384
-428
-524
-488
-516
-500
-448
-448
-388
-368
-400
-448
-464
-536
-536
-472
-440
-400
-368
-392
-432
-476
-480
-488
-516
-524
-472
-408
-372
-404
-412
-428
-500
-500
-500
-504
-480
-440
-376
-412
-404
-432
-488
-532
-524
-484
-452
-432
-420
-396
-436
-480
-520
-500
-488
-460
-456
-404
-372
-376
-400
-416
-484
-488
-520
-480
-448
-396
-364
-408
-416
-480
-504
-492
-476
-480
-432
-432
-396
-444
-412
-468
-488
-524
-480
-472
-440
-372
-392
-412
-456
-452
-500
-480
-496
-488
-440
-412
-408
-436
-452
-492
-476
-488
-500
-436
-420
-388
-416
-432
-464
-520
-472
-480
-484
-456
-412
-388
-376
-432
-428
-504
-504
-492
-484
-448
-412
-392
-396
-424
-436
-496
-480
-512
-524
-480
-412
-404
-412
-412
-456
-472
-492
-484
-500
-468
-424
-380
-420
-420
-472
-452
-480
-524
-500
-488
-436
-408
-396
-420
-440
-492
-512
-508
-496
-472
-440
-396
-376
-428
-448
-480
-492
-528
-524
-460
-428
-412
-368
-444
-460
-456
-488
-524
-500
-460
-404
-404
-392
-436
-448
-480
-500
-468
-484
-456
-428
-420
-432
-432
-428
-488
-492
-500
-492
-440
-440
-412
-416
-420
-456
-492
-508
-492
-432
-424
-432
-420
-432
-416
-444
-468
-496
-488
-444
-464
-432
-400
-412
-456
-468
-496
-508
-484
-480
-440
-416
-388
-400
-432
-452
-520
-484
-476
-436
-432
-424
-404
-412
-444
-500
-504
-536
-508
-420
-412
-396
-368
-432
-436
-476
-504
-524
-512
-484
-436
-404
-364
-388
-436
-452
-520
-500
-524
-500
-456
-368
-376
-392
-408
-488
-500
-540
-524
-480
-420
-412
-400
-380
-408
-484
-500
-516
-480
-476
-460
-408
-384
-412
-432
-460
-508
-524
-520
-480
-436
-388
-368
-364
-440
-460
-496
-512
-500
-468
-456
-392
-388
-400
-440
-496
-492
-508
-456
-508
-432
-408
-368
-400
-424
-480
-516
-492
-508
-456
-432
-400
-376
-368
-432
-496
-500
-504
-504
-460
-444
-392
-372
-444
-456
-452
-524
-508
-488
-480
-412
-404
-404
-416
-440
-480
-488
-492
-480
-468
-440
-400
-444
-440
-444
-452
-520
-524
-484
-500
-396
-396
-396
-424
-460
-508
-516
-496
-444
-460
-420
-396
-396
-420
-484
-492
-508
-524
-484
-456
-404
-372
-388
-432
-504
-480
-488
-468
-460
-436
-432
-396
-432
-464
-456
-508
-488
-520
-476
-416
-424
-408
-396
-448
-456
-456
-488
-480
-468
-428
-420
-400
-388
-456
-460
-500
-492
-480
-464
-452
-388
-432
-432
-452
-472
-484
-488
-476
-472
-440
-432
-404
-424
-460
-468
-460
-512
-456
-480
-464
-412
-420
-440
-420
-492
-480
-472
-480
-456
-444
-400
-412
-432
-480
-492
-496
-492
-492
-420
-444
-444
-404
-424
-440
-488
-480
-476
-456
-412
-448
-456
-420
-432
-464
-480
-456
-468
-476
-444
-432
-424
-432
-464
-464
-504
-512
-500
-444
-460
-464
-432
-404
-432
-444
-464
-480
-476
-464
-416
-420
-420
-424
-452
-468
-440
-492
-464
-432
-432
-456
-428
-448
-432
-484
-464
-496
-456
-460
-416
-404
-428
-424
-460
-488
-452
-476
-448
-428
-416
-452
-424
-432
-448
-408
-456
-460
-488
-456
-456
-428
-440
-452
-480
-484
-468
-484
-472
-428
-420
-428
-432
-452
-468
-472
-480
-480
-472
-472
-488
-436
-432
-420
-460
-468
-452
-448
-452
-456
-436
-452
-436
-420
-440
-428
-472
-464
-440
-440
-428
-436
-460
-460
-476
-452
-432
-424
-472
-484
-428
-480
-480
-472
-448
-448
-460
-448
-444
-440
-464
-456
-480
-472
-476
-476
-480
-436
-440
-472
-468
-480
-460
-460
-476
-464
-460
-448
-432
-468
-464
-456
-444
-456
-464
-416
-456
-424
-412
-436
-432
-496
-456
-456
-456
-436
-416
-476
-456
-472
-456
-436
-444
-452
-436
-448
-428
-460
-464
-460
-420
-440
-456
-448
-424
-420
-440
-444
-464
-456
-476
-480
-448
-448
-452
-424
-456
-452
-452
-456
-476
-472
-460
-460
-424
-448
-452
-480
-448
-468
-492
-484
-452
-432
-456
-436
-436
-432
-452
-468
-444
-468
-484
-452
-444
-432
-440
-436
-460
-480
-480
-476
-480
-444
-444
-432
-456
-428
-472
-472
-480
-480
-468
-460
-436
-420
-412
-420
-464
-468
-488
-460
-464
-472
-384
-432
-428
-408
-456
-464
-448
-500
-480
-476
-404
-420
-392
-416
-480
-468
-488
-460
-480
-460
-468
-432
-432
-456
-432
-484
-484
-484
-484
-464
-488
-416
-440
-456
-468
-480
-480
-476
-496
-488
-452
-412
-420
-456
-464
-480
-500
-460
-488
-452
-444
-432
-448
-468
-440
-480
-476
-480
-440
-456
-448
-420
-424
-412
-448
-472
-476
-484
-480
-480
-448
-416
-432
-472
-456
-448
-516
-504
-464
-452
-456
-428
-456
-452
-416
-460
-516
-504
-480
-436
-388
-424
-448
-472
-452
-468
-480
-472
-464
-436
-412
-416
-400
-424
-512
-476
-472
-464
-436
-456
-428
-408
-420
-436
-468
-524
-516
-496
-432
-412
-412
-420
-420
-432
-456
-476
-492
-460
-416
-452
-432
-408
-420
-444
-452
-512
-476
-484
-452
-416
-416
-412
-416
-444
-496
-508
-484
-492
-456
-408
-420
-428
-420
-436
-456
-484
-464
-456
-448
-432
-412
-400
-412
-424
-468
-492
-500
-500
-500
-456
-436
-420
-412
-432
-464
-500
-476
-480
-476
-456
-416
-424
-420
-428
-480
-496
-488
-476
-500
-448
-428
-416
-444
-452
-480
-480
-516
-504
-468
-428
-420
-400
-432
-440
-472
-496
-476
-464
-456
-472
-460
-452
-416
-432
-460
-456
-492
-472
-460
-456
-412
-400
-412
-460
-484
-500
-480
-476
-432
-432
-428
-420
-448
-472
-440
-504
-488
-444
-420
-408
-436
-432
-456
-472
-472
-500
-500
-480
-412
-440
-420
-420
-460
-456
-496
-488
-476
-456
-492
-432
-376
-404
-444
-456
-476
-484
-456
-460
-444
-420
-416
-420
-436
-464
-492
-496
-488
-472
-452
-404
-400
-428
-444
-460
-456
-500
-472
-472
-432
-400
-400
-428
-452
-464
-488
-484
-480
-436
-452
-436
-388
-432
-452
-476
-504
-480
-484
-464
-428
-456
-432
-436
-456
-436
-476
-480
-456
-472
-448
-432
-400
-416
-428
-464
-460
-504
-476
-448
-432
-404
-436
-412
-432
-476
-500
-496
-484
-436
-424
-432
-420
-396
-440
-480
-444
-468
-412
-448
-452
-404
-428
-404
-456
-460
-512
-496
-480
-468
-464
-440
-408
-420
-432
-476
-476
-496
-456
-432
-404
-388
-420
-448
-480
-488
-500
-496
-456
-432
-432
-388
-412
-432
-472
-484
-504
-460
-476
-444
-432
-432
-420
-456
-468
-496
-468
-480
-484
-444
-424
-404
-404
-416
-460
-476
-508
-480
-468
-432
-412
-416
-408
-404
-432
-460
-480
-504
-464
-452
-412
-412
-424
-432
-448
-480
-484
-452
-460
-420
-420
-400
-440
-456
-460
-476
-488
-488
-428
-456
-412
-412
-416
-436
-468
-472
-480
-476
-448
-456
-424
-412
-400
-432
-448
-456
-460
-436
-444
-432
-436
-436
-416
-432
-456
-492
-500
-484
-428
-420
-440
-428
-456
-428
-480
-472
-480
-456
-472
-420
-424
-408
-420
-456
-456
-480
-480
-476
-440
-432
-452
-420
-460
-444
-456
-472
-456
-472
-436
-444
-440
-456
-428
-448
-452
-448
-496
-416
-448
-444
-428
-444
-420
-476
-452
-448
-476
-444
-456
-416
-440
-412
-412
-456
-444
-476
-464
-452
-428
-432
-420
-420
-464
-444
-480
-464
-468
-452
-448
-440
-396
-404
-432
-440
-464
-468
-448
-432
-436
-444
-440
-436
-412
-460
-452
-444
-432
-432
-416
-408
-428
-436
-444
-436
-468
-444
-440
-448
-456
-412
-432
-436
-456
-424
-456
-440
-484
-460
-436
-420
-428
-432
-420
-464
-444
-464
-436
-456
-440
-432
-460
-456
-424
-456
-480
-448
-456
-404
-464
-412
-428
-416
-456
-456
-464
-432
-456
-432
-472
-452
-432
-440
-456
-440
-456
-468
-448
-444
-476
-436
-456
-432
-460
-456
-472
-456
-448
-428
-436
-460
-452
-456
-432
-456
-480
-452
-456
-444
-464
-444
-436
-420
-440
-400
-476
-448
-428
-436
-432
-416
-412
-464
-456
-440
-452
-464
-472
-452
-440
-408
-436
-464
-448
-432
-432
-428
-420
-444
-436
-456
-412
-424
-456
-460
-448
-460
-456
-460
-464
-464
-428
-436
-428
-468
-448
-476
-440
-460
-472
-432
-452
-440
-424
-420
-408
-452
-480
-476
-460
-448
-452
-444
-456
-432
-440
-436
-432
-468
-444
-440
-448
-460
-444
-432
-444
-428
-428
-452
-448
-428
-476
-440
-400
-416
-420
-420
-412
-456
-456
-432
-460
-456
-428
-440
-416
-444
-448
-444
-468
-472
-432
-424
-452
-420
-448
-436
-484
-456
-448
-436
-472
-456
-408
-416
-412
-444
-444
-440
-464
-468
-468
-460
-456
-460
-444
-428
-460
-416
-440
-436
-412
-444
-456
-448
-456
-428
-444
-420
-476
-468
-432
-468
-412
-412
-456
-444
-456
-456
-432
-456
-456
-452
-452
-448
-424
-432
-456
-440
-460
-416
-412
-432
-456
-416
-448
-444
-460
-456
-472
-400
-440
-420
-436
-436
-420
-420
-444
-456
-448
-444
-448
-440
-448
-432
-440
-412
-476
-456
-456
-452
-456
-444
-448
-448
-416
-444
-448
-460
-436
-476
-456
-460
-468
-468
-456
-420
-468
-464
-456
-484
-452
-428
-420
-404
-420
-448
-456
-448
-456
-464
-452
-432
-412
-408
-456
-424
-440
-456
-460
-452
-424
-444
-432
-428
-448
-432
-432
-452
-472
-484
-436
-444
-404
-440
-432
-428
-468
-448
-460
-456
-412
-440
-440
-380
-416
-428
-444
-472
-464
-412
-472
-420
-440
-420
-436
-440
-444
-444
-444
-488
-444
-416
-432
-432
-432
-428
-460
-472
-452
-440
-444
-432
-436
-424
-456
-456
-440
-460
-468
-432
-444
-460
-432
-420
-412
-432
-456
-464
-480
-444
-456
-396
-412
-424
-432
-428
-464
-472
-480
-440
-440
-412
-440
-420
-424
-440
-444
-472
-452
-468
-408
-412
-416
-388
-428
-444
-432
-436
-468
-448
-460
-432
-420
-388
-412
-420
-460
-464
-452
-456
-440
-416
-396
-432
-432
-468
-424
-476
-488
-456
-456
-432
-404
-428
-424
-464
-476
-480
-476
-464
-436
-424
-404
-432
-460
-432
-444
-464
-476
-472
-428
-412
-424
-388
-420
-484
-472
-452
-440
-444
-440
-412
-416
-416
-428
-432
-456
-460
-460
-452
-448
-436
-440
-392
-432
-424
-468
-480
-456
-416
-424
-412
-424
-408
-444
-412
-464
-456
-468
-452
-400
-448
-412
-416
-436
-456
-448
-464
-460
-420
-444
-392
-392
-456
-416
-468
-504
-444
-456
-460
-448
-448
-448
-436
-472
-452
-472
-480
-480
-432
-420
-432
-452
-416
-448
-440
-472
-488
-476
-428
-440
-404
-420
-412
-416
-472
-440
-480
-456
-428
-436
-452
-436
-424
-452
-424
-460
-452
-460
-444
-412
-408
-432
-444
-472
-456
-484
-432
-460
-408
-424
-420
-416
-452
-392
-480
-472
-476
-476
-428
-424
-428
-420
-444
-468
-456
-440
-468
-456
-452
-412
-424
-388
-428
-488
-444
-468
-480
-472
-448
-448
-440
-444
-444
-472
-468
-492
-468
-456
-452
-420
-412
-424
-472
-452
-452
-432
-468
-472
-412
-420
-424
-432
-468
-464
-456
-468
-456
-456
-432
-412
-424
-400
-432
-480
-480
-460
-460
-452
-432
-404
-440
-412
-412
-436
-480
-464
-488
-500
-416
-436
-416
-420
-436
-448
-464
-440
-416
-448
-440
-420
-452
-448
-460
-456
-472
-456
-412
-472
-432
-424
-412
-412
-432
-448
-496
-460
-480
-464
-440
-428
-456
-424
-448
-444
-448
-468
-456
-460
-432
-400
-412
-456
-456
-452
-464
-480
-428
-432
-452
-452
-416
-436
-420
-436
-448
-440
-464
-428
-448
-428
-420
-424
-452
-460
-452
-456
-488
-448
-404
-456
-412
-448
-408
-448
-488
-456
-464
-412
-432
-412
-428
-424
-456
-480
-444
-468
-480
-452
-424
-440
-440
-436
-412
-448
-460
-496
-448
-456
-440
-424
-424
-424
-428
-444
-456
-468
-484
-428
-420
-424
-416
-452
-428
-476
-432
-448
-480
-432
-440
-424
-432
-424
-432
-452
-448
-456
-448
-444
-428
-436
-436
-428
-452
-484
-448
-484
-464
-472
-452
-420
-456
-456
-472
-468
-484
-432
-456
-472
-456
-420
-408
-416
-464
-448
-460
-468
-432
-468
-440
-452
-432
-412
-428
-480
-456
-456
-420
-440
-444
-424
-424
-404
-488
-456
-464
-428
-420
-412
-432
-456
-412
-428
-464
-460
-456
-464
-456
-460
-412
-452
-436
-456
-460
-456
-460
-464
-436
-444
-452
-428
-452
-444
-456
-480
-468
-456
-464
-448
-448
-456
-432
-420
-440
-432
-460
-476
-436
-448
-448
-456
-388
-432
-444
-472
-444
-432
-448
-456
-456
-432
-468
-432
-456
-444
-456
-456
-432
-468
-452
-440
-452
-432
-464
-456
-436
-460
-436
-428
-456
-436
-456
-444
-456
-440
-408
-456
-456
-432
-452
-432
-416
-436
-460
-448
-432
-472
-480
-452
-448
-448
-432
-440
-436
-444
-436
-464
-472
-472
-412
-440
-432
-448
-432
-456
-456
-464
-452
-448
-448
-432
-412
-460
-480
-460
-456
-464
-440
-468
-444
-452
-416
-436
-476
-436
-436
-444
-432
-456
-480
-424
-460
-424
-472
-456
-468
-432
-456
-436
-452
-456
-492
-428
-432
-476
-460
-468
-412
-416
-440
-464
-476
-432
-420
-424
-468
-472
-468
-440
-436
-444
-440
-432
-444
-480
-436
-476
-428
-440
-432
-464
-468
-452
-432
-432
-452
-456
-464
-432
-424
-464
-412
-452
-440
-448
-448
-460
-432
-444
-436
-464
-456
-416
-424
-448
-464
-440
-456
-448
-436
-440
-436
-448
-444
-436
-440
-436
-432
-432
-480
-476
-460
-432
-444
-456
-444
-472
-424
-456
-440
-456
-444
-428
-416
-420
-464
-492
-460
-456
-444
-412
-460
-436
-440
-456
-480
-456
-456
-460
-444
-452
-460
-444
-440
-440
-444
-432
-472
-456
-452
-456
-452
-452
-448
-452
-420
-436
-464
-460
-436
-420
-432
-416
-420
-424
-460
-452
-480
-456
-480
-432
-424
-432
-476
-436
-444
-440
-468
-480
-456
-468
-424
-456
-424
-456
-444
-464
-452
-440
-416
-456
-444
-464
-452
-448
-440
-500
-464
-472
-444
-420
-428
-412
-428
-440
-452
-448
-464
-468
-428
-420
-436
-428
-448
-448
-432
-420
-456
-480
-488
-408
-412
-440
-432
-428
-428
-464
-468
-452
-440
-476
-468
-436
-444
-448
-464
-480
-472
-480
-444
-456
-436
-428
-468
-436
-456
-436
-460
-448
-460
-456
-416
-440
-436
-440
-480
-456
-452
-456
-452
-448
-440
-412
-440
-456
-456
-468
-488
-476
-440
-404
-432
-452
-460
-460
-436
-480
-464
-484
-456
-432
-428
-444
-432
-416
-440
-444
-468
-488
-444
-436
-456
-428
-436
-460
-432
-472
-472
-488
-440
-452
-456
-412
-456
-432
-428
-460
-444
-464
-492
-472
-436
-456
-428
-432
-480
-480
-432
-464
-460
-432
-412
-440
-456
-464
-472
-432
-476
-464
-476
-424
-448
-432
-448
-432
-472
-460
-440
-460
-428
-432
-436
-420
-460
-460
-456
-496
-460
-472
-432
-436
-452
-412
-456
-460
-440
-452
-436
-460
-440
-456
-444
-420
-448
-424
-460
-456
-496
-460
-468
-452
-448
-432
-440
-412
-432
-456
-456
-480
-448
-432
-436
-464
-440
-456
-456
-432
-440
-456
-416
-456
-424
-412
-440
-460
-468
-468
-456
-456
-432
-412
-432
-448
-464
-460
-460
-432
-464
-452
-436
-424
-452
-416
-448
-448
-472
-484
-472
-432
-456
-432
-436
-452
-464
-480
-448
-456
-476
-448
-436
-440
-448
-424
-436
-456
-436
-456
-480
-456
-440
-448
-404
-464
-440
-436
-456
-456
-468
-456
-424
-412
-448
-436
-444
-472
-464
-436
-476
-428
-432
-452
-436
-432
-456
-416
-460
-480
-448
-432
-472
-448
-440
-432
-440
-472
-468
-456
-468
-444
-444
-456
-456
-424
-452
-476
-440
-480
-472
-440
-436
-448
-452
-444
-468
-456
-472
-416
-480
-448
-432
-448
-452
-428
-428
-476
-456
-500
-476
-448
-452
-456
-432
-448
-448
-456
-456
-456
-468
-412
-436
-440
-432
-456
-480
-464
-456
-456
-488
-468
-436
-412
-416
-432
-456
-472
-460
-456
-456
-456
-452
-456
-384
-436
-456
-480
-456
-444
-448
-432
-472
-432
-456
-428
-436
-456
-456
-456
-472
-468
-468
-408
-432
-432
-448
-456
-500
-444
-444
-464
-436
-456
-456
-460
-456
-440
-460
-448
-516
-472
-412
-424
-464
-448
-480
-472
-456
-444
-420
-464
-444
-428
-392
-480
-448
-432
-468
-440
-440
-464
-436
-416
-464
-440
-460
-472
-436
-452
-500
-448
-412
-444
-424
-428
-440
-452
-452
-492
-436
-412
-428
-460
-452
-448
-440
-468
-436
-460
-488
-440
-432
-456
-440
-452
-456
-484
-436
-428
-448
-448
-420
-432
-428
-428
-476
-432
-456
-460
-412
-444
-424
-456
-456
-424
-440
-460
-464
-468
-468
-484
-420
-404
-452
-460
-448
-484
-480
-448
-424
-436
-432
-448
-424
-440
-448
-440
-456
-472
-480
-456
-436
-424
-452
-456
-440
-464
-452
-460
-452
-472
-464
-468
-460
-436
-440
-436
-444
-468
-456
-408
-444
-428
-460
-468
-476
-480
-432
-476
-456
-488
-456
-452
-440
-460
-448
-412
-460
-452
-436
-440
-420
-436
-476
-448
-440
-444
-452
-440
-456
-452
-472
-444
-484
-448
-452
-452
-448
-472
-452
-448
-436
-456
-448
-460
-428
-456
-436
-432
-432
-460
-456
-436
-432
-432
-456
-432
-444
-472
-480
-456
-432
-448
-448
-448
-456
-448
-432
-464
-484
-456
-456
-444
-452
-420
-456
-448
-448
-440
-424
-456
-452
-444
-456
-432
-480
-472
-464
-424
-444
-456
-448
-444
-448
-472
-456
-440
-424
-436
-456
-452
-444
-448
-456
-440
-436
-456
-440
-460
-460
-480
-468
-432
-444
-452
-464
-464
-472
-452
-432
-456
-452
-428
-456
-464
-452
-432
-484
-440
-456
-440
-416
-432
-460
-456
-464
-432
-432
-476
-476
-448
-436
-460
-412
-440
-444
-432
-456
-464
-456
-408
-452
-444
-420
-456
-468
-480
-448
-424
-452
-452
-432
-488
-452
-392
-432
-468
-456
-472
-464
-436
-448
-432
-440
-444
-444
-448
-456
-480
-464
-452
-452
-448
-424
-440
-460
-460
-448
-440
-432
-472
-460
-456
-432
-460
-456
-460
-452
-448
-456
-472
-456
-424
-448
-440
-460
-456
-452
-456
-440
-460
-444
-428
-468
-464
-456
-428
-468
-452
-456
-456
-432
-416
-456
-416
-452
-456
-428
-496
-452
-460
-476
-480
-416
-460
-456
-432
-460
-432
-480
-464
-448
-440
-452
-432
-444
-480
-440
-464
-476
-480
-460
-456
-452
-464
-440
-464
-456
-468
-456
-440
-456
-448
-456
-448
-408
-440
-444
-456
-456
-456
-456
-432
-440
-448
-444
-432
-420
-456
-456
-440
-480
-440
-440
-416
-452
-452
-436
-440
-480
-452
-440
-444
-436
-460
-452
-412
-448
-440
-456
-484
-448
-456
-420
-464
-436
-448
-468
-444
-456
-456
-432
-456
-452
-444
-444
-472
-472
-444
-436
-432
-432
-432
-412
-432
-440
-464
-472
-456
-444
-428
-468
-444
-456
-456
-404
-484
-432
-452
-448
-480
-456
-412
-460
-440
-448
-424
-412
-476
-456
-460
-464
-436
-440
-432
-444
-464
-460
-468
-468
-452
-432
-480
-460
-452
-440
-440
-480
-468
-468
-444
-420
-420
-464
-444
-448
-456
-460
-460
-472
-444
-416
-416
-436
-476
-460
-448
-456
-460
-456
-476
-468
-432
-432
-456
-432
-428
-456
-436
-488
-452
-440
-432
-436
-416
-456
-444
-464
-444
-476
-448
-456
-428
-436
-448
-400
-432
-444
-456
-484
-472
-480
-448
-428
-452
-432
-404
-456
-468
-452
-448
-416
-416
-420
-456
-444
-436
-444
-472
-460
-480
-464
-464
-452
-428
-460
-480
-456
-452
-452
-452
-448
-456
-452
-412
-456
-432
-432
-460
-432
-444
-452
-432
-452
-432
-456
-412
-452
-476
-456
-428
-432
-456
-432
-424
-432
-480
-448
-444
-460
-444
-428
-436
-420
-416
-456
-456
-492
-480
-468
-416
-452
-456
-436
-432
-460
-452
-424
-460
-448
-456
-444
-440
-436
-416
-452
-468
-476
-456
-448
-452
-428
-456
-444
-432
-440
-460
-448
-448
-464
-464
-432
-416
-440
-452
-428
-420
-492
-456
-456
-456
-452
-428
-456
-424
-432
-452
-440
-468
-456
-432
-480
-420
-480
-424
-456
-460
-468
-492
-444
-456
-440
-444
-432
-460
-444
-440
-464
-468
-476
-468
-468
-444
-448
-448
-444
-436
-484
-448
-460
-440
-432
-392
-428
-440
-488
-452
-452
-432
-452
-484
-456
-452
-408
-440
-452
-468
-472
-444
-424
-444
-436
-444
-436
-440
-432
-424
-492
-464
-464
-452
-444
-484
-436
-424
-448
-428
-468
-476
-432
-448
-444
-448
-416
-480
-488
-476
-468
-440
-432
-476
-468
-456
-460
-448
-456
-460
-480
-452
-444
-448
-480
-420
-460
-480
-452
-452
-488
-444
-452
-488
-456
-460
-464
-436
-436
-456
-452
-432
-484
-468
-444
-432
-444
-456
-448
-476
-456
-436
-468
-432
-476
-452
-444
-448
-448
-460
-456
-456
-444
-456
-472
-444
-440
-428
-432
-432
-448
-448
-480
-456
-460
-440
-456
-464
-468
-456
-444
-476
-440
-476
-484
-416
-432
-472
-460
-464
-484
-452
-440
-456
-456
-436
-456
-480
-440
-464
-476
-444
-468
-452
-472
-448
-476
-436
-468
-460
-468
-444
-456
-452
-416
-436
-464
-452
-452
-452
-452
-468
-464
-460
-432
-440
-456
-468
-448
-472
-504
-452
-500
-448
-456
-480
-432
-444
-464
-484
-480
-468
-472
-424
-452
-460
-432
-432
-440
-448
-440
-444
-456
-472
-456
-440
-436
-488
-484
-460
-432
-460
-412
-432
-472
-432
-436
-452
-440
-460
-444
-456
-468
-448
-440
-452
-452
-456
-456
-456
-480
-480
-480
-464
-432
-452
-468
-444
-456
-468
-472
-452
-452
-480
-428
-432
-452
-464
-468
-440
-432
-464
-456
-472
-476
-476
-468
-440
-460
-440
-476
-488
-456
-428
-440
-468
-432
-464
-452
-444
-432
-452
-444
-480
-480
-464
-484
-460
-468
-488
-484
-464
-456
-448
-476
-456
-456
-436
-432
-464
-456
-456
-472
-440
-432
-452
-468
-448
-468
-480
-456
-444
-472
-476
-440
-408
-464
-500
-484
-464
-444
-460
-444
-460
-460
-468
-504
-472
-448
-456
-468
-464
-460
-440
-436
-484
-444
-480
-484
-444
-492
-448
-468
-448
-448
-456
-480
-432
-448
-456
-464
-444
-472
-464
-436
-464
-456
-500
-472
-440
-484
-472
-476
-484
-468
-464
-440
-440
-444
-480
-440
-472
-480
-436
-476
-448
-428
-448
-476
-456
-460
-480
-468
-464
-460
-456
-456
-480
-468
-428
-464
-460
-460
-452
-464
-440
-456
-464
-456
-468
-488
-444
-472
-452
-484
-456
-464
-464
-472
-492
-444
-480
-444
-500
-448
-452
-456
-432
-472
-464
-468
-460
-444
-468
-456
-420
-480
-464
-456
-452
-480
-472
-488
-432
-448
-472
-476
-464
-488
-444
-432
-444
-480
-500
-464
-468
-460
-480
-464
-464
-436
-472
-436
-448
-436
-496
-452
-412
-456
-476
-464
-460
-452
-456
-476
-472
-468
-440
-472
-464
-464
-456
-424
-472
-452
-448
-488
-468
-436
-468
-460
-456
-496
-456
-480
-460
-456
-452
-452
-480
-452
-436
-432
-468
-452
-472
-432
-456
-468
-452
-500
-432
-456
-456
-432
-460
-444
-456
-448
-476
-488
-480
-464
-452
-456
-432
-464
-480
-456
-476
-448
-444
-456
-492
-448
-444
-424
-476
-488
-456
-460
-440
-480
-496
-476
-440
-468
-472
-468
-448
-480
-448
-444
-452
-476
-456
-448
-456
-432
-472
-428
-464
-436
-480
-444
-448
-440
-472
-456
-472
-484
-456
-480
-456
-456
-448
-480
-452
-424
-456
-452
-488
-456
-464
-464
-440
-476
-480
-456
-472
-456
-436
-448
-476
-460
-464
-436
-432
-512
-480
-428
-452
-464
-472
-456
-456
-416
-456
-456
-456
-480
-476
-460
-492
-464
-468
-444
-452
-436
-480
-456
-460
-460
-460
-464
-480
-456
-444
-440
-480
-432
-480
-480
-440
-456
-448
-456
-460
-468
-460
-440
-468
-480
-468
-464
-444
-484
-496
-448
-444
-448
-480
-460
-456
-456
-444
-432
-424
-484
-468
-460
-460
-460
-460
-484
-428
-476
-456
-456
-448
-476
-456
-452
-452
-464
-436
-444
-480
-456
-500
-448
-464
-432
-480
-436
-468
-428
-440
-448
-468
-448
-516
-480
-456
-412
-444
-472
-436
-468
-460
-452
-480
-460
-464
-496
-472
-468
-472
-432
-484
-456
-448
-476
-468
-484
-484
-484
-432
-432
-440
-436

