-568
-544
-536
-584
-656
-736
-780
-744
-612
-440
-272
-296
-444
-704
-932
-1064
-1044
-836
-452
-104
112
0
-320
-796
-1260
-1496
-1408
-976
-380
160
468
340
-184
-840
-1452
-1828
-1628
-1108
-336
340
696
456
-136
-860
-1548
-1884
-1680
-1028
-232
384
628
408
-272
-1000
-1652
-1792
-1500
-784
-24
516
624
192
-588
-1372
-1888
-1824
-1264
-400
428
772
708
128
-1008
-1908
-2000
-1904
-1600
-24
852
824
672
528
-1092
-2112
-2024
-1884
-1748
-124
916
808
692
560
-688
-2156
-2040
-1924
-1820
-496
920
832
724
600
-292
-2168
-2104
-1952
-1824
-888
872
840
720
620
24
-2128
-2112
-1972
-1860
-1068
748
896
756
628
104
-2032
-2112
-1960
-1860
-1060
620
916
776
628
-68
-1920
-2096
-1964
-1800
-676
600
860
780
580
-684
-1928
-2064
-1912
-1736
-156
748
792
696
488
-1208
-2088
-2004
-1856
-1604
64
892
816
672
460
-1328
-2180
-1980
-1880
-1640
44
932
816
688
532
-1136
-2124
-2012
-1892
-1756
-144
840
836
688
576
-840
-2064
-2044
-1952
-1792
-424
748
872
712
596
-432
-1928
-2044
-1944
-1832
-692
648
860
772
608
-268
-1868
-2084
-1944
-1816
-708
572
892
748
624
-428
-1828
-2064
-1968
-1816
-500
628
864
748
604
-728
-1896
-2064
-1912
-1768
-276
720
812
700
572
-908
-2016
-2032
-1900
-1736
-208
824
808
708
612
-928
-2092
-2024
-1928
-1748
-192
860
800
712
608
-832
-2080
-2064
-1908
-1764
-216
884
804
704
600
-816
-2108
-2064
-1928
-1760
-252
836
804
716
564
-872
-2100
-2040
-1928
-1740
-172
896
792
708
576
-1024
-2116
-2012
-1880
-1732
-72
944
804
680
544
-1100
-2156
-2008
-1876
-1732
-16
932
824
676
548
-1188
-2136
-1992
-1904
-1708
20
952
792
656
548
-1248
-2164
-2020
-1860
-1720
88
952
812
660
504
-1248
-2132
-2004
-1884
-1680
88
940
792
644
516
-1228
-2168
-1992
-1872
-1720
24
956
836
676
536
-1188
-2164
-2004
-1896
-1724
16
944
804
656
548
-1188
-2156
-1988
-1908
-1684
48
952
792
664
528
-1312
-2184
-1984
-1872
-1668
156
960
788
656
536
-1360
-2156
-1984
-1876
-1648
148
988
788
660
500
-1360
-2204
-2020
-1880
-1656
180
960
812
656
548
-1336
-2140
-2048
-1916
-1700
172
972
776
644
520
-1416
-2160
-2000
-1852
-1672
240
964
792
636
520
-1488
-2144
-2016
-1860
-1656
308
956
792
668
508
-1524
-2168
-1980
-1876
-1656
312
992
796
680
488
-1544
-2156
-2020
-1856
-1620
296
964
816
644
448
-1544
-2184
-1980
-1852
-1644
292
972
788
640
488
-1544
-2156
-1980
-1860
-1612
304
968
816
648
476
-1600
-2160
-1996
-1860
-1560
340
988
792
660
472
-1616
-2140
-1956
-1884
-1556
396
976
800
644
404
-1668
-2136
-1996
-1872
-1544
400
1000
816
632
424
-1652
-2176
-2020
-1864
-1616
384
992
796
628
440
-1600
-2176
-2008
-1860
-1560
360
996
816
656
468
-1628
-2172
-1996
-1884
-1584
360
980
812
664
444
-1664
-2168
-1964
-1872
-1548
348
996
816
632
424
-1632
-2172
-2008
-1864
-1544
352
960
792
652
432
-1644
-2180
-1996
-1836
-1544
380
976
800
652
424
-1636
-2176
-1988
-1852
-1568
352
1004
824
656
432
-1620
-2184
-1996
-1904
-1576
340
996
808
656
472
-1616
-2168
-1976
-1868
-1624
280
1032
824
680
452
-1532
-2168
-2000
-1876
-1608
256
1008
808
648
476
-1484
-2168
-2020
-1908
-1636
232
992
800
676
476
-1484
-2192
-1996
-1860
-1572
272
1008
792
664
468
-1552
-2180
-1992
-1840
-1540
292
972
792
672
476
-1544
-2200
-1996
-1860
-1568
316
980
804
668
440
-1636
-2156
-2000
-1860
-1532
340
988
812
648
400
-1636
-2152
-2000
-1848
-1500
360
984
812
652
420
-1692
-2140
-1976
-1840
-1472
364
976
792
676
396
-1708
-2160
-1956
-1836
-1448
380
968
812
616
400
-1704
-2132
-1996
-1868
-1492
388
956
772
660
412
-1684
-2156
-1996
-1840
-1500
396
980
780
632
408
-1672
-2156
-1996
-1840
-1540
356
992
788
628
408
-1680
-2184
-1992
-1852
-1488
412
980
780
656
420
-1644
-2176
-1960
-1848
-1516
344
1008
820
656
444
-1616
-2200
-1996
-1864
-1532
308
980
804
632
444
-1588
-2160
-2008
-1856
-1568
328
1032
792
680
456
-1568
-2164
-1992
-1868
-1552
292
1012
744
660
452
-1564
-2144
-2004
-1852
-1568
280
1028
792
668
408
-1548
-2152
-1996
-1864
-1520
260
980
800
648
428
-1584
-2180
-1972
-1816
-1468
288
980
768
656
376
-1588
-2196
-1976
-1860
-1412
320
988
816
644
368
-1588
-2156
-1992
-1864
-1456
320
968
796
680
380
-1632
-2180
-1980
-1840
-1412
304
980
764
656
328
-1588
-2132
-1996
-1844
-1432
316
972
776
668
332
-1612
-2180
-2000
-1896
-1388
280
976
784
656
320
-1572
-2160
-1952
-1872
-1404
252
972
796
688
348
-1556
-2172
-1996
-1848
-1408
288
952
788
636
320
-1552
-2176
-2008
-1828
-1384
272
960
804
656
324
-1556
-2148
-2000
-1860
-1392
252
988
836
648
344
-1544
-2172
-1992
-1844
-1460
204
960
836
660
412
-1500
-2168
-2004
-1856
-1464
184
960
840
680
404
-1428
-2180
-2032
-1868
-1460
176
932
796
676
396
-1448
-2164
-2020
-1876
-1472
176
940
816
656
376
-1452
-2188
-2012
-1844
-1452
172
928
816
664
388
-1420
-2132
-1996
-1864
-1432
172
968
808
664
384
-1440
-2156
-1960
-1860
-1476
136
952
820
692
368
-1408
-2160
-1992
-1868
-1496
112
932
816
696
420
-1408
-2180
-1992
-1884
-1540
116
928
784
672
424
-1376
-2152
-2004
-1904
-1516
136
932
832
664
436
-1392
-2172
-1968
-1852
-1532
132
952
832
684
436
-1388
-2176
-2028
-1876
-1532
164
948
816
680
476
-1408
-2176
-2024
-1876
-1588
156
980
820
684
484
-1408
-2184
-2020
-1876
-1584
136
972
816
684
452
-1364
-2192
-1988
-1884
-1572
152
964
800
668
520
-1364
-2188
-2020
-1856
-1612
152
956
768
664
436
-1408
-2192
-1980
-1888
-1588
148
1016
824
676
488
-1432
-2176
-1980
-1876
-1576
164
972
820
668
496
-1440
-2196
-2020
-1860
-1600
156
956
800
708
520
-1428
-2180
-2004
-1892
-1600
176
972
784
692
500
-1432
-2176
-2020
-1884
-1612
180
964
832
680
524
-1384
-2192
-2000
-1848
-1636
156
968
816
684
496
-1384
-2200
-2004
-1892
-1628
164
996
800
680
508
-1416
-2208
-1984
-1860
-1584
164
996
836
672
476
-1460
-2156
-1996
-1868
-1600
180
1008
768
672
496
-1440
-2188
-1984
-1884
-1600
196
972
792
668
484
-1440
-2176
-1992
-1888
-1640
200
952
792
676
508
-1428
-2176
-2024
-1876
-1620
180
972
780
660
488
-1400
-2180
-1996
-1884
-1604
168
964
776
684
488
-1424
-2180
-2000
-1864
-1624
180
996
784
660
464
-1416
-2180
-1996
-1844
-1608
164
944
800
680
496
-1440
-2200
-1992
-1876
-1596
204
984
780
652
512
-1400
-2180
-1992
-1880
-1616
164
972
820
672
464
-1412
-2168
-2000
-1884
-1656
152
964
780
680
504
-1392
-2188
-2000
-1860
-1660
148
976
820
644
524
-1404
-2192
-1996
-1864
-1612
176
968
780
660
504
-1412
-2136
-2000
-1876
-1628
172
980
832
644
496
-1428
-2128
-1996
-1872
-1620
184
952
780
672
476
-1444
-2184
-2000
-1840
-1620
176
956
808
664
516
-1428
-2200
-2008
-1900
-1648
224
964
772
684
516
-1400
-2160
-2020
-1880
-1604
196
996
816
680
496
-1380
-2180
-2028
-1868
-1628
168
996
820
680
468
-1452
-2184
-2016
-1860
-1608
184
980
816
708
468
-1436
-2180
-1996
-1884
-1624
232
992
792
672
472
-1480
-2160
-1996
-1916
-1620
240
992
816
672
492
-1508
-2160
-1996
-1864
-1612
204
1008
800
688
480
-1440
-2196
-2000
-1880
-1608
184
996
792
680
496
-1468
-2196
-2000
-1880
-1608
216
948
796
680
500
-1428
-2176
-1976
-1896
-1596
200
968
808
676
460
-1456
-2172
-2000
-1844
-1572
236
996
836
700
448
-1484
-2168
-1984
-1888
-1540
224
996
828
648
448
-1500
-2180
-2016
-1860
-1544
248
968
816
684
456
-1536
-2188
-2020
-1856
-1572
240
996
792
664
460
-1504
-2148
-1992
-1880
-1568
260
988
816
684
416
-1540
-2168
-1976
-1868
-1524
248
988
808
676
404
-1568
-2200
-1996
-1868
-1512
256
992
828
644
392
-1604
-2172
-1980
-1856
-1484
316
996
796
636
392
-1584
-2188
-1988
-1860
-1468
336
976
768
632
424
-1584
-2168
-2020
-1860
-1520
296
992
784
648
452
-1588
-2192
-1980
-1848
-1516
252
972
816
644
428
-1568
-2176
-1976
-1872
-1504
272
984
780
660
428
-1560
-2184
-2040
-1864
-1520
264
996
804
628
420
-1556
-2176
-1996
-1852
-1488
272
980
808
632
408
-1544
-2172
-2004
-1852
-1492
268
976
800
672
404
-1572
-2208
-2016
-1872
-1452
280
960
796
664
392
-1552
-2160
-1980
-1844
-1432
272
988
796
680
404
-1544
-2180
-1968
-1864
-1476
292
996
800
656
348
-1560
-2156
-1960
-1848
-1464
264
992
808
688
384
-1568
-2168
-1996
-1840
-1432
252
996
800
684
408
-1532
-2168
-1988
-1852
-1456
280
980
784
652
412
-1552
-2164
-1996
-1872
-1476
292
1008
800
628
384
-1516
-2156
-2004
-1872
-1516
248
968
832
688
404
-1488
-2184
-2020
-1872
-1520
204
972
832
664
444
-1484
-2128
-1976
-1844
-1496
164
952
792
708
476
-1476
-2164
-1952
-1836
-1496
204
988
792
688
452
-1488
-2176
-1976
-1848
-1496
180
976
804
696
428
-1476
-2164
-2000
-1872
-1556
208
952
784
656
452
-1424
-2168
-2036
-1860
-1568
160
988
816
692
468
-1416
-2188
-2036
-1848
-1520
164
968
824
668
448
-1408
-2164
-2032
-1852
-1512
184
964
808
668
440
-1436
-2148
-2020
-1848
-1516
168
976
804
676
448
-1428
-2156
-1992
-1844
-1540
172
972
808
664
468
-1400
-2176
-1976
-1840
-1544
196
944
788
660
436
-1424
-2176
-1964
-1876
-1580
120
956
812
688
440
-1400
-2144
-1996
-1884
-1552
120
968
828
680
472
-1412
-2176
-1992
-1868
-1580
140
960
820
668
476
-1384
-2156
-1980
-1884
-1580
132
952
828
688
500
-1392
-2156
-1996
-1856
-1576
160
952
816
676
476
-1372
-2180
-2000
-1868
-1584
160
996
820
660
520
-1356
-2148
-2000
-1860
-1600
160
968
804
664
496
-1328
-2180
-2024
-1908
-1612
116
956
840
696
508
-1352
-2152
-2000
-1852
-1596
92
972
836
668
512
-1380
-2160
-2012
-1836
-1588
128
940
812
692
480
-1404
-2152
-2004
-1856
-1572
164
972
804
664
476
-1408
-2188
-2000
-1848
-1584
156
956
800
672
508
-1412
-2180
-1980
-1860
-1568
168
976
812
680
492
-1420
-2176
-2020
-1840
-1548
172
980
808
684
492
-1400
-2184
-1980
-1860
-1612
172
980
816
656
496
-1364
-2156
-1972
-1864
-1608
168
976
836
680
528
-1372
-2132
-1972
-1872
-1588
140
968
828
676
488
-1408
-2172
-2008
-1864
-1628
172
988
820
700
496
-1416
-2168
-2020
-1880
-1600
140
1000
808
696
492
-1384
-2184
-2016
-1896
-1644
136
976
792
660
496
-1348
-2164
-2020
-1864
-1624
112
976
796
712
532
-1332
-2124
-2020
-1880
-1624
160
984
868
660
496
-1340
-2184
-1984
-1892
-1584
100
988
820
680
524
-1376
-2148
-1996
-1844
-1592
152
964
844
700
504
-1400
-2184
-1984
-1884
-1600
132
960
792
692
504
-1368
-2184
-2000
-1884
-1600
160
960
792
688
496
-1376
-2176
-1976
-1864
-1616
180
988
768
680
540
-1384
-2156
-1988
-1872
-1664
168
944
816
680
544
-1364
-2164
-2016
-1864
-1612
160
988
792
672
508
-1352
-2148
-1996
-1880
-1612
112
972
784
684
504
-1376
-2160
-2000
-1860
-1612
156
988
792
700
536
-1392
-2192
-1996
-1868
-1632
188
972
808
712
488
-1412
-2184
-1996
-1876
-1664
180
964
836
696
528
-1384
-2164
-2000
-1852
-1628
136
996
812
700
500
-1396
-2188
-2044
-1904
-1596
168
1012
828
700
492
-1388
-2156
-1960
-1872
-1620
192
992
836
700
504
-1432
-2156
-1984
-1856
-1588
204
976
820
704
512
-1424
-2176
-1976
-1872
-1588
192
996
812
680
516
-1428
-2200
-1984
-1876
-1612
212
952
816
680
496
-1408
-2180
-1984
-1856
-1600
180
988
844
684
520
-1428
-2172
-2020
-1872
-1600
160
964
832
700
512
-1384
-2172
-2000
-1876
-1608
140
984
812
680
504
-1404
-2192
-1996
-1848
-1592
192
968
820
676
480
-1424
-2160
-1976
-1860
-1588
208
1004
796
680
520
-1468
-2176
-2004
-1884
-1560
204
984
836
696
496
-1456
-2156
-1972
-1848
-1588
220
972
804
660
468
-1440
-2148
-1996
-1848
-1564
200
996
776
680
464
-1452
-2188
-2016
-1852
-1576
180
988
804
672
464
-1468
-2156
-2016
-1876
-1568
228
1012
812
672
432
-1480
-2180
-1992
-1848
-1552
204
1004
820
672
488
-1472
-2188
-1996
-1876
-1552
256
1012
828
688
448
-1472
-2132
-1996
-1840
-1544
244
968
804
664
484
-1452
-2132
-1984
-1840
-1540
244
984
792
676
468
-1464
-2196
-2012
-1852
-1560
176
972
828
688
496
-1472
-2184
-1968
-1888
-1544
208
980
844
656
472
-1456
-2124
-1976
-1832
-1524
204
996
828
664
452
-1468
-2188
-2012
-1844
-1568
204
1000
792
668
464
-1452
-2180
-1968
-1856
-1556
200
972
832
700
496
-1484
-2180
-1992
-1852
-1584
192
1004
840
688
468
-1428
-2184
-1992
-1900
-1552
212
968
812
684
464
-1420
-2148
-2020
-1856
-1540
208
1012
824
672
452
-1440
-2132
-1984
-1860
-1524
204
996
828
680
492
-1484
-2164
-2000
-1884
-1540
196
984
828
696
436
-1456
-2180
-2008
-1884
-1548
204
960
792
672
428
-1488
-2184
-1988
-1836
-1556
224
980
816
692
464
-1460
-2152
-2000
-1844
-1584
196
996
796
684
476
-1412
-2152
-1976
-1860
-1588
156
940
800
684
524
-1444
-2176
-2012
-1876
-1544
168
956
796
704
452
-1400
-2164
-2000
-1852
-1520
156
988
792
680
476
-1416
-2172
-2004
-1868
-1544
164
952
824
692
472
-1416
-2144
-2004
-1880
-1568
176
948
788
704
488
-1372
-2168
-1968
-1896
-1588
136
956
832
668
484
-1400
-2156
-2008
-1884
-1596
132
952
776
676
492
-1376
-2180
-1988
-1868
-1592
116
984
832
656
464
-1412
-2144
-1996
-1836
-1544
176
972
816
660
448
-1408
-2148
-1992
-1864
-1568
136
948
804
676
528
-1412
-2164
-1996
-1852
-1612
160
952
816
656
500
-1428
-2208
-2020
-1868
-1588
164
956
796
676
512
-1392
-2180
-2012
-1860
-1612
112
936
824
680
468
-1324
-2168
-2008
-1872
-1624
164
964
816
708
496
-1352
-2180
-2008
-1860
-1600
124
956
828
680
504
-1296
-2156
-2020
-1876
-1624
120
940
808
704
492
-1340
-2132
-2008
-1884
-1596
116
952
796
700
476
-1388
-2168
-1988
-1880
-1628
112
952
824
688
500
-1356
-2152
-2012
-1868
-1644
120
968
836
684
476
-1376
-2148
-2000
-1876
-1616
128
988
784
672
488
-1348
-2152
-2028
-1884
-1596
132
952
812
696
504
-1392
-2156
-2000
-1884
-1604
140
960
832
708
496
-1368
-2176
-2016
-1880
-1596
136
956
804
668
484
-1372
-2180
-1996
-1860
-1584
144
928
792
672
524
-1348
-2164
-1976
-1892
-1636
136
972
816
680
524
-1352
-2140
-1956
-1896
-1636
144
952
836
660
500
-1320
-2144
-2012
-1884
-1660
108
952
820
680
540
-1308
-2152
-1996
-1872
-1632
88
948
804
696
496
-1340
-2148
-2004
-1864
-1616
136
972
800
680
496
-1336
-2176
-2000
-1860
-1616
140
936
804
680
520
-1352
-2200
-1984
-1900
-1644
116
952
792
688
512
-1316
-2120
-2012
-1904
-1660
120
992
828
676
504
-1340
-2184
-1996
-1876
-1636
116
972
800
680
488
-1320
-2156
-1988
-1868
-1624
140
952
808
720
520
-1360
-2180
-1992
-1864
-1616
128
984
816
700
496
-1360
-2168
-2000
-1864
-1628
124
964
796
688
492
-1348
-2200
-1968
-1908
-1616
136
968
836
652
508
-1352
-2188
-1976
-1876
-1652
144
948
820
688
544
-1340
-2168
-2008
-1852
-1644
108
972
800
688
544
-1340
-2184
-2032
-1888
-1640
152
952
816
680
484
-1316
-2140
-1988
-1856
-1620
156
968
792
716
484
-1372
-2140
-2024
-1888
-1640
128
968
776
688
520
-1364
-2200
-2036
-1884
-1652
128
972
796
684
536
-1296
-2160
-2016
-1908
-1664
108
1012
824
664
520
-1308
-2180
-2008
-1844
-1680
148
952
820
680
496
-1324
-2164
-1996
-1888
-1612
156
988
808
684
496
-1372
-2180
-2036
-1860
-1604
160
988
824
716
544
-1384
-2192
-1984
-1860
-1636
160
968
836
672
484
-1412
-2156
-1996
-1840
-1620
172
980
828
664
484
-1416
-2164
-1992
-1844
-1640
180
952
804
688
544
-1384
-2176
-2020
-1868
-1656
124
984
808
680
512
-1356
-2160
-1984
-1892
-1604
100
928
808
676
492
-1356
-2180
-2008
-1868
-1624
108
976
804
724
516
-1380
-2176
-2004
-1904
-1612
164
968
804
700
484
-1360
-2156
-2008
-1900
-1612
180
960
784
664
520
-1364
-2192
-1980
-1884
-1628
152
992
816
680
520
-1376
-2188
-2016
-1872
-1652
88
976
816
700
504
-1340
-2136
-2008
-1888
-1648
128
960
808
652
496
-1360
-2156
-1988
-1884
-1632
156
972
800
692
512
-1384
-2156
-1984
-1876
-1588
128
1000
792
640
476
-1400
-2196
-1984
-1848
-1600
148
996
796
684
464
-1376
-2168
-2008
-1876
-1620
148
976
828
656
496
-1408
-2140
-1992
-1860
-1624
156
944
788
660
496
-1376
-2192
-1996
-1896
-1592
112
936
796
656
496
-1408
-2156
-1988
-1864
-1592
156
988
796
656
496
-1340
-2136
-2012
-1888
-1620
156
972
800
672
508
-1380
-2176
-2000
-1840
-1588
140
980
816
680
488
-1388
-2184
-2016
-1864
-1588
140
964
808
664
476
-1400
-2200
-2012
-1888
-1616
136
996
804
672
512
-1392
-2168
-1992
-1864
-1600
144
944
796
680
480
-1360
-2168
-1996
-1900
-1612
144
964
832
700
480
-1388
-2176
-2020
-1880
-1616
144
976
816
664
524
-1376
-2172
-1968
-1888
-1588
156
960
812
656
488
-1408
-2116
-2016
-1896
-1604
152
984
824
680
464
-1368
-2180
-1976
-1860
-1608
148
960
804
680
488
-1364
-2152
-1984
-1848
-1640
136
952
792
652
544
-1340
-2180
-1992
-1896
-1636
112
964
792
696
480
-1344
-2156
-2008
-1860
-1600
120
932
832
672
472
-1352
-2164
-2012
-1884
-1616
116
968
820
688
504
-1384
-2180
-2040
-1864
-1608
136
960
804
692
500
-1372
-2188
-2000
-1884
-1612
140
940
784
692
492
-1364
-2184
-1972
-1884
-1600
116
960
796
680
508
-1364
-2156
-1996
-1912
-1616
128
940
804
656
500
-1368
-2164
-1992
-1884
-1608
100
936
824
684
496
-1344
-2156
-1988
-1880
-1612
128
980
812
668
496
-1352
-2172
-1996
-1892
-1604
156
964
784
680
484
-1364
-2160
-1992
-1860
-1620
144
924
812
692
500
-1380
-2144
-1984
-1864
-1632
128
960
776
672
512
-1344
-2180
-1976
-1888
-1592
128
940
816
692
516
-1320
-2188
-1980
-1896
-1636
104
932
796
672
536
-1312
-2144
-2012
-1904
-1632
68
972
820
716
504
-1300
-2132
-2000
-1848
-1636
92
960
800
656
512
-1340
-2156
-2004
-1884
-1628
92
956
816
668
532
-1332
-2164
-1996
-1872
-1656
68
944
804
672
520
-1292
-2132
-2040
-1888
-1676
44
952
816
704
544
-1276
-2160
-2024
-1896
-1644
72
940
792
708
524
-1272
-2160
-2016
-1876
-1636
100
924
812
672
496
-1332
-2180
-1996
-1900
-1640
112
936
812
656
500
-1344
-2156
-2008
-1884
-1624
124
952
796
684
504
-1316
-2164
-2008
-1868
-1612
88
972
828
696
520
-1320
-2152
-2016
-1868
-1636
100
936
784
660
520
-1304
-2184
-1984
-1880
-1676
76
948
804
672
520
-1284
-2160
-2020
-1888
-1648
60
964
836
680
520
-1272
-2132
-1996
-1892
-1644
60
928
816
696
508
-1308
-2160
-2012
-1876
-1656
132
960
812
680
528
-1284
-2172
-2020
-1872
-1680
80
956
836
700
512
-1272
-2156
-2000
-1892
-1656
80
948
816
680
524
-1284
-2152
-2032
-1884
-1680
68
924
820
680
520
-1264
-2176
-2000
-1856
-1644
80
952
828
692
536
-1272
-2136
-1996
-1888
-1704
88
952
812
680
508
-1320
-2160
-2008
-1868
-1656
112
940
828
692
524
-1308
-2164
-2024
-1884
-1656
108
952
804
696
552
-1308
-2172
-1996
-1904
-1656
104
968
816
668
548
-1340
-2180
-1976
-1876
-1656
120
960
812
684
532
-1256
-2180
-2036
-1864
-1660
88
952
828
684
520
-1300
-2168
-1992
-1880
-1676
64
928
824
672
544
-1272
-2148
-2016
-1884
-1652
44
936
856
720
552
-1296
-2184
-2020
-1876
-1652
80
936
808
684
528
-1308
-2184
-2008
-1880
-1664
92
912
800
680
544
-1272
-2200
-2016
-1872
-1672
52
940
796
680
536
-1292
-2160
-1980
-1860
-1656
48
972
836
700
528
-1264
-2156
-1980
-1884
-1680
44
936
824
700
568
-1272
-2156
-2020
-1896
-1656
108
932
816
652
524
-1288
-2140
-2000
-1868
-1636
104
948
836
656
520
-1320
-2136
-1988
-1860
-1628
100
988
824
696
528
-1340
-2148
-1992
-1884
-1592
112
988
828
704
520
-1332
-2184
-2020
-1860
-1672
124
952
812
684
520
-1316
-2164
-1976
-1884
-1640
68
952
816
680
520
-1276
-2184
-2004
-1888
-1668
108
968
812
676
528
-1304
-2156
-2036
-1884
-1640
96
996
824
720
544
-1316
-2180
-1984
-1884
-1648
128
972
808
688
532
-1320
-2148
-2008
-1888
-1652
116
952
800
692
524
-1288
-2168
-2020
-1896
-1664
100
936
816
680
540
-1296
-2160
-1980
-1884
-1640
96
960
824
684
532
-1296
-2164
-2000
-1852
-1656
88
948
808
696
524
-1316
-2156
-2004
-1860
-1652
116
972
796
676
520
-1340
-2200
-1996
-1876
-1620
96
960
792
660
496
-1340
-2156
-1996
-1884
-1624
136
952
856
700
496
-1348
-2140
-1984
-1896
-1644
112
952
800
696
532
-1316
-2164
-2004
-1900
-1652
76
940
824
700
540
-1316
-2152
-2012
-1908
-1640
96
944
808
680
480
-1272
-2120
-2012
-1884
-1656
88
964
820
716
524
-1328
-2160
-2020
-1880
-1636
128
980
792
700
544
-1312
-2144
-1992
-1904
-1644
76
956
828
684
520
-1336
-2164
-1980
-1872
-1656
68
952
820
668
520
-1296
-2156
-2008
-1840
-1656
56
944
820
700
508
-1296
-2164
-1996
-1860
-1656
68
920
792
688
520
-1380
-2148
-2008
-1908
-1520
204
948
760
660
272
-1564
-2156
-1968
-1780
-1044
304
920
748
604
-364
-1668
-2088
-1912
-1752
-396
564
848
752
548
-992
-1896
-1976
-1856
-1548
-116
680
804
700
388
-1144
-1940
-1964
-1872
-1428
-96
668
780
692
68
-1020
-1816
-1968
-1824
-1116
-244
456
684
508
-100
-832
-1472
-1724
-1528
-1012
-416
64
252
172
-180
-652
-1064
-1244
-1124
-844
-456
-244
-180
-288
-532
-760
-900
-888
-716
-476
-288
-208
-388
-648
-868
-1016
-1000
-796
-484
-196
-8
-92
-404
-768
-1144
-1296
-1160
-820
-356
48
156
40
-364
-836
-1256
-1444
-1292
-888
-424
80
304
196
-188
-728
-1208
-1500
-1408
-1048
-560
-100
264
252
-92
-584
-1032
-1352
-1388
-1176
-704
-256
68
116
-72
-412
-792
-1104
-1176
-1080
-828
-556
-276
-160
-212
-384
-540
-764
-892
-936
-800
-644
-516
-424
-404
-484
-580
-684
-764
-736
-704
-576
-468
-408
-480
-572
-704
-812
-848
-792
-616
-456
-312
-308
-420
-612
-864
-988
-1020
-888
-600
-300
-96
-60
-308
-616
-980
-1188
-1224
-972
-592
-236
52
60
-212
-576
-1032
-1280
-1284
-1048
-684
-248
20
104
-100
-480
-936
-1228
-1320
-1132
-732
-332
-40
60
-100
-428
-768
-1068
-1184
-1072
-832
-484
-180
-92
-224
-460
-720
-980
-1044
-964
-752
-480
-288
-228
-320
-524
-764
-956
-960
-888
-652
-424
-248
-284
-388
-616
-860
-924
-908
-816
-584
-356
-244
-276
-456
-664
-916
-996
-948
-744
-476
-276
-220
-288
-524
-764
-936
-948
-888
-712
-448
-300
-240
-276
-504
-728
-880
-968
-876
-708
-468
-312
-252
-372
-548
-748
-860
-928
-820
-636
-464
-344
-344
-404
-564
-764
-888
-872
-808
-612
-456
-364
-380
-432
-592
-756
-840
-824
-728
-608
-472
-396
-384
-460
-596
-744
-840
-812
-688
-588
-460
-408
-412
-500
-660
-752
-812
-844
-728
-592
-460
-352
-356
-444
-632
-768
-868
-852
-736
-596
-420
-320
-328
-460
-592
-756
-820
-860
-728
-592
-464
-380
-400
-484
-624
-732
-772
-776
-720
-572
-480
-420
-456
-544
-688
-756
-756
-732
-600
-500
-412
-444
-496
-588
-736
-820
-804
-740
-664
-476
-372
-364
-456
-580
-736
-864
-868
-780
-604
-472
-344
-328
-412
-572
-760
-892
-880
-820
-596
-432
-252
-276
-404
-612
-812
-952
-948
-796
-588
-364
-248
-280
-420
-608
-860
-956
-952
-780
-600
-364
-252
-284
-444
-684
-856
-932
-820
-712
-568
-396
-336
-372
-480
-668
-840
-888
-780
-684
-548
-400
-368
-412
-536
-736
-820
-836
-764
-660
-520
-412
-396
-456
-524
-764
-832
-888
-776
-600
-440
-364
-356
-408
-632
-752
-880
-884
-812
-584
-432
-300
-296
-424
-624
-784
-932
-896
-756
-612
-432
-332
-304
-412
-624
-780
-896
-920
-820
-648
-448
-324
-316
-396
-560
-764
-868
-908
-800
-636
-472
-400
-344
-412
-544
-684
-864
-872
-820
-700
-496
-336
-344
-452
-556
-768
-840
-856
-760
-616
-480
-372
-384
-464
-604
-776
-860
-828
-712
-592
-432
-364
-368
-488
-632
-796
-896
-820
-712
-564
-400
-344
-380
-516
-676
-820
-900
-848
-688
-512
-368
-336
-364
-488
-688
-820
-896
-844
-736
-500
-356
-340
-368
-480
-660
-824
-884
-844
-728
-576
-424
-336
-356
-480
-628
-740
-852
-820
-728
-616
-468
-400
-408
-456
-596
-696
-756
-792
-680
-604
-500
-476
-484
-484
-596
-660
-748
-772
-676
-632
-536
-504
-492
-532
-604
-680
-752
-724
-680
-632
-524
-452
-500
-528
-636
-724
-756
-732
-644
-568
-456
-424
-472
-572
-676
-772
-804
-728
-624
-524
-432
-428
-488
-584
-684
-800
-828
-788
-668
-524
-432
-392
-440
-564
-664
-780
-828
-792
-676
-548
-440
-420
-436
-560
-664
-796
-820
-760
-668
-528
-440
-420
-456
-528
-652
-764
-804
-780
-676
-548
-456
-408
-444
-560
-676
-752
-812
-760
-696
-568
-428
-400
-432
-536
-676
-748
-776
-780
-680
-544
-456
-432
-432
-548
-692
-768
-820
-752
-640
-500
-416
-392
-456
-552
-684
-816
-876
-792
-684
-544
-432
-364
-412
-552
-684
-796
-820
-772
-644
-552
-472
-400
-432
-544
-652
-748
-796
-744
-660
-528
-516
-476
-488
-544
-636
-724
-744
-704
-640
-580
-540
-492
-536
-568
-632
-704
-704
-684
-636
-524
-544
-524
-560
-608
-660
-664
-660
-624
-596
-560
-548
-588
-592
-636
-676
-684
-684
-636
-568
-548
-548
-564
-604
-664
-684
-672
-660
-608
-568
-524
-548
-568
-636
-660
-672
-704
-644
-588
-584
-520
-548
-576
-636
-660
-680
-668
-636
-612
-568
-536
-544
-584
-632
-636
-656
-680
-616
-592
-556
-532
-564
-600
-664
-680
-688
-668
-616
-532
-512
-488
-572
-620
-712
-756
-700
-624
-568
-504
-504
-520
-592
-684
-708
-764
-732
-644
-560
-496
-476
-468
-552
-636
-736
-760
-724
-664
-568
-460
-480
-512
-548
-636
-708
-752
-728
-644
-548
-476
-484
-468
-596
-616
-724
-728
-684
-628
-556
-496
-496
-508
-616
-668
-732
-720
-708
-624
-532
-456
-500
-556
-624
-692
-736
-744
-668
-568
-504
-456
-480
-572
-656
-732
-760
-736
-652
-552
-468
-452
-464
-548
-672
-752
-804
-724
-624
-572
-464
-444
-480
-552
-660
-728
-788
-776
-632
-572
-460
-428
-468
-548
-688
-776
-792
-752
-680
-556
-460
-388
-448
-564
-692
-752
-792
-760
-592
-564
-424
-456
-488
-544
-676
-752
-784
-700
-632
-508
-448
-468
-540
-616
-656
-752
-736
-712
-628
-508
-456
-444
-516
-628
-704
-764
-772
-692
-624
-512
-460
-468
-536
-572
-684
-728
-732
-656
-584
-528
-488
-452
-536
-636
-692
-752
-748
-652
-548
-480
-480
-512
-552
-640
-732
-772
-688
-620
-580
-524
-472
-480
-572
-632
-716
-732
-688
-608
-520
-468
-480
-540
-632
-688
-716
-716
-704
-616
-568
-476
-508
-528
-596
-636
-700
-676
-644
-596
-528
-504
-476
-548
-624
-692
-712
-692
-636
-592
-532
-528
-524
-552
-656
-680
-668
-708
-636
-580
-552
-488
-512
-580
-660
-708
-724
-660
-636
-556
-524
-484
-512
-588
-664
-728
-708
-684
-604
-520
-484
-464
-548
-636
-664
-688
-724
-660
-616
-560
-528
-516
-536
-620
-688
-692
-680
-620
-584
-528
-532
-524
-572
-616
-668
-696
-696
-648
-576
-540
-524
-544
-560
-656
-676
-684
-676
-648
-592
-540
-516
-524
-560
-608
-684
-716
-656
-604
-560
-560
-556
-568
-600
-628
-676
-668
-648
-592
-548
-516
-536
-556
-608
-680
-704
-720
-656
-612
-528
-484
-532
-540
-576
-656
-712
-688
-660
-588
-544
-464
-512
-564
-620
-664
-656
-692
-700
-616
-568
-496
-500
-540
-560
-676
-704
-720
-656
-596
-584
-524
-484
-528
-612
-676
-704
-700
-668
-588
-560
-520
-500
-528
-604
-660
-696
-712
-656
-592
-540
-520
-468
-524
-616
-664
-748
-692
-644
-576
-520
-536
-516
-520
-600
-664
-720
-716
-668
-624
-548
-508
-496
-540
-600
-648
-684
-716
-672
-620
-548
-500
-528
-512
-588
-668
-684
-704
-664
-648
-548
-528
-456
-536
-604
-672
-676
-684
-652
-620
-576
-536
-548
-556
-604
-636
-684
-672
-684
-588
-548
-536
-540
-568
-616
-636
-668
-664
-652
-616
-552
-548
-504
-580
-636
-636
-704
-672
-636
-576
-540
-504
-552
-568
-616
-648
-684
-704
-616
-576
-536
-508
-552
-580
-636
-660
-668
-660
-628
-600
-552
-496
-544
-592
-616
-664
-680
-688
-656
-588
-528
-536
-568
-584
-660
-676
-668
-672
-604
-588
-576
-548
-552
-560
-628
-652
-668
-672
-608
-592
-548
-532
-540
-580
-612
-616
-680
-652
-616
-592
-552
-548
-572
-596
-636
-660
-660
-664
-600
-560
-572
-548
-560
-588
-664
-652
-644
-660
-588
-568
-528
-548
-560
-584
-656
-688
-656
-636
-604
-548
-544
-548
-576
-572
-624
-672
-632
-648
-596
-568
-608
-572
-548
-628
-616
-636
-640
-592
-616
-604
-596
-572
-616
-660
-664
-644
-612
-608
-548
-556
-592
-592
-620
-680
-684
-668
-608
-568
-560
-560
-560
-600
-644
-636
-684
-628
-608
-552
-556
-512
-548
-608
-616
-660
-696
-656
-612
-560
-552
-532
-568
-592
-624
-688
-640
-640
-584
-548
-500
-516
-552
-592
-664
-684
-700
-636
-592
-532
-528
-536
-552
-596
-660
-704
-684
-608
-576
-544
-524
-508
-548
-612
-660
-700
-684
-644
-568
-544
-536
-536
-560
-632
-680
-696
-668
-632
-568
-524
-508
-524
-552
-648
-680
-692
-700
-628
-568
-532
-520
-536
-556
-628
-680
-704
-640
-640
-552
-524
-480
-560
-612
-640
-656
-664
-672
-640
-556
-528
-492
-536
-592
-660
-676
-656
-644
-592
-516
-544
-544
-576
-604
-684
-668
-684
-644
-592
-568
-532
-532
-564
-652
-660
-704
-692
-648
-616
-552
-500
-544
-560
-628
-672
-732
-712
-656
-576
-544
-524
-484
-584
-656
-704
-684
-696
-636
-572
-548
-488
-544
-592
-636
-676
-660
-672
-620
-556
-524
-516
-548
-616
-632
-676
-696
-644
-616
-540
-500
-516
-532
-616
-648
-684
-696
-660
-592
-548
-528
-520
-540
-608
-640
-684
-680
-616
-596
-540
-524
-548
-544
-616
-660
-684
-676
-612
-584
-552
-548
-592
-556
-604
-692
-656
-672
-648
-588
-528
-564
-556
-596
-652
-652
-668
-664
-616
-576
-512
-500
-556
-584
-652
-672
-644
-612
-592
-564
-536
-552
-568
-604
-684
-660
-656
-620
-588
-520
-540
-568
-572
-612
-676
-644
-664
-632
-588
-524
-524
-532
-612
-636
-684
-672
-660
-632
-568
-524
-536
-548
-592
-644
-684
-696
-676
-636
-572
-536
-532
-500
-580
-660
-680
-672
-668
-616
-564
-532
-528
-536
-596
-640
-696
-688
-632
-636
-544
-528
-520
-572
-640
-660
-684
-700
-628
-588
-552
-516
-532
-544
-596
-660
-692
-668
-640
-580
-548
-552
-524
-556
-640
-668
-692
-720
-660
-596
-560
-532
-488
-576
-600
-668
-712
-676
-656
-592
-512
-500
-528
-564
-616
-676
-660
-676
-636
-592
-552
-476
-548
-524
-612
-668
-728
-676
-648
-548
-540
-540
-508
-584
-636
-632
-696
-676
-632
-568
-528
-552
-580
-584
-644
-684
-680
-672
-628
-560
-512
-536
-524
-584
-660
-660
-684
-660
-636
-536
-524
-532
-508
-604
-636
-684
-668
-676
-636
-604
-504
-524
-532
-568
-624
-684
-704
-692
-592
-556
-508
-480
-548
-572
-648
-676
-664
-680
-632
-568
-500
-512
-524
-616
-664
-664
-676
-652
-592
-568
-548
-492
-568
-592
-628
-680
-632
-672
-656
-540
-532
-496
-564
-600
-656
-684
-656
-648
-592
-596
-540
-560
-584
-604
-644
-696
-668
-620
-608
-564
-540
-552
-572
-584
-624
-660
-680
-628
-592
-568
-520
-528
-580
-660
-624
-660
-652
-616
-608
-520
-524
-532
-620
-620
-640
-668
-628
-592
-604
-564
-588
-556
-604
-616
-680
-636
-660
-592
-560
-548
-548
-584
-588
-636
-648
-684
-664
-592
-588
-548
-556
-556
-576
-644
-684
-668
-644
-580
-556
-532
-524
-592
-620
-644
-660
-660
-636
-616
-564
-548
-524
-548
-620
-636
-692
-644
-656
-596
-572
-556
-524
-544
-620
-616
-672
-676
-620
-596
-576
-532
-524
-552
-620
-648
-700
-632
-636
-612
-568
-540
-540
-552
-620
-636
-676
-684
-628
-580
-556
-548
-556
-568
-624
-640
-676
-644
-608
-572
-524
-528
-548
-584
-636
-660
-648
-668
-636
-580
-544
-548
-532
-588
-616
-624
-652
-656
-604
-588
-560
-532
-572
-592
-656
-644
-664
-632
-600
-556
-532
-540
-564
-608
-656
-684
-632
-636
-592
-556
-528
-544
-568
-616
-624
-640
-668
-660
-592
-548
-552
-512
-564
-620
-636
-652
-660
-616
-600
-564
-544
-584
-584
-584
-668
-692
-672
-656
-552
-552
-548
-564
-560
-616
-676
-684
-644
-636
-580
-544
-508
-556
-572
-592
-656
-688
-640
-624
-560
-548
-520
-548
-588
-636
-656
-628
-656
-608
-572
-572
-496
-548
-584
-616
-652
-684
-664
-612
-580
-568
-548
-568
-568
-604
-660
-668
-660
-616
-592
-516
-524
-564
-592
-624
-652
-660
-616
-616
-572
-552
-556
-576
-592
-632
-664
-656
-608
-616
-584
-552
-536
-564
-584
-620
-644
-636
-640
-612
-580
-568
-524
-568
-596
-644
-684
-648
-616
-568
-560
-528
-548
-576
-592
-672
-664
-640
-616
-588
-560
-568
-560
-612
-624
-624
-656
-660
-632
-588
-548
-564
-552
-592
-592
-640
-644
-624
-604
-612
-540
-560
-536
-576
-636
-608
-664
-636
-616
-564
-556
-548
-588
-604
-636
-612
-628
-620
-636
-580
-572
-568
-572
-572
-636
-636
-592
-656
-592
-556
-548
-548
-576
-604
-660
-648
-648
-608
-588
-592
-592
-556
-568
-624
-668
-644
-616
-616
-588
-548
-556
-600
-612
-608
-656
-600
-640
-608
-588
-572
-548
-576
-592
-620
-640
-636
-628
-616
-572
-548
-544
-592
-600
-620
-640
-648
-628
-604
-572
-552
-584
-592
-616
-632
-640
-612
-608
-580
-592
-564
-576
-592
-612
-648
-644
-660
-620
-592
-560
-548
-616
-608
-580
-628
-648
-640
-628
-552
-556
-548
-596
-572
-640
-664
-632
-632
-572
-576
-564
-564
-568
-588
-612
-628
-632
-624
-604
-560
-536
-568
-600
-600
-648
-676
-644
-632
-600
-536
-560
-564
-600
-616
-664
-660
-632
-624
-580
-536
-548
-564
-580
-616
-644
-636
-608
-592
-596
-576
-588
-588
-592
-616
-660
-652
-620
-580
-584
-564
-572
-596
-568
-648
-668
-632
-620
-600
-576
-592
-584
-592
-596
-604
-648
-628
-660
-624
-588
-556
-548
-584
-592
-620
-624
-660
-616
-636
-568
-536
-548
-592
-608
-636
-640
-640
-612
-616
-584
-524
-576
-592
-588
-660
-644
-612
-608
-568
-584
-552
-568
-592
-608
-632
-664
-644
-584
-580
-548
-564
-576
-568
-600
-644
-636
-640
-600
-580
-564
-548
-584
-592
-624
-640
-644
-660
-628
-572
-572
-552
-568
-572
-636
-636
-660
-628
-608
-584
-548
-568
-612
-604
-636
-632
-636
-632
-600
-556
-568
-572
-600
-588
-620
-636
-660
-600
-568
-560
-528
-560
-604
-628
-620
-640
-636
-604
-596
-584
-528
-552
-576
-572
-636
-648
-676
-624
-616
-548
-556
-560
-588
-620
-636
-656
-644
-624
-604
-588
-572
-584
-616
-628
-660
-652
-624
-568
-568
-568
-584
-580
-612
-636
-660
-640
-644
-600
-588
-596
-592
-568
-576
-636
-632
-624
-636
-600
-584
-572
-552
-612
-616
-632
-652
-652
-636
-576
-572
-524
-580
-592
-616
-624
-636
-640
-636
-596
-584
-568
-576
-612
-660
-664
-636
-660
-612
-572
-572
-564
-560
-576
-636
-604
-660
-628
-592
-584
-548
-528
-568
-592
-632
-636
-660
-652
-600
-592
-568
-548
-556
-592
-624
-652
-668
-644
-624
-528
-560
-560
-584
-572
-644
-660
-632
-632
-640
-548
-536
-548
-540
-612
-656
-648
-680
-640
-624
-556
-556
-552
-564
-560
-632
-664
-648
-652
-616
-600
-564
-548
-568
-592
-616
-640
-632
-644
-600
-580
-568
-548
-560
-616
-648
-656
-648
-664
-592
-592
-576
-548
-592
-568
-640
-644
-636
-632
-588
-568
-548
-576
-576
-588
-636
-664
-660
-644
-596
-552
-568
-528
-580
-620
-624
-660
-608
-608
-620
-568
-580
-584
-560
-580
-640
-640
-636
-632
-568
-580
-508
-548
-608
-592
-636
-644
-636
-616
-568
-544
-548
-564
-544
-616
-648
-664
-684
-616
-564
-536
-548
-568
-580
-648
-660
-660
-636
-628
-568
-548
-524
-532
-600
-620
-640
-652
-636
-588
-568
-552
-532
-568
-592
-636
-660
-640
-644
-596
-592
-556
-552
-572
-584
-668
-660
-644
-624
-600
-548
-568
-548
-548
-580
-616
-644
-664
-616
-588
-572
-552
-552
-576
-612
-616
-628
-668
-632
-612
-564
-544
-548
-612
-628
-640
-668
-644
-616
-604
-596
-532
-576
-552
-600
-632
-656
-636
-648
-584
-576
-536
-564
-560
-624
-620
-632
-620
-600
-596
-564
-548
-576
-572
-616
-660
-628
-620
-600
-576
-576
-556
-588
-592
-600
-628
-644
-616
-616
-608
-572
-564
-564
-588
-604
-644
-644
-628
-604
-584
-544
-556
-576
-592
-604
-644
-616
-636
-580
-564
-544
-532
-592
-616
-624
-652
-616
-592
-584
-576
-564
-572
-600
-604
-596
-660
-612
-608
-568
-576
-520
-568
-580
-596
-600
-636
-644
-604
-604
-556
-528
-572
-576
-592
-656
-600
-616
-600
-620
-576
-544
-548
-592
-616
-640
-640
-616
-616
-592
-584
-572
-568
-584
-592
-624
-652
-612
-608
-564
-568
-572
-588
-576
-636
-664
-648
-636
-616
-616
-564
-588
-576
-572
-616
-660
-660
-612
-600
-548
-524
-528
-556
-616
-612
-648
-628
-608
-572
-564
-564
-568
-596
-600
-604
-628
-624
-636
-600
-580
-580
-568
-600
-616
-612
-608
-596
-580
-620
-560
-576
-584
-592
-612
-636
-644
-632
-616
-592
-552
-584
-556
-568
-600
-616
-636
-616
-624
-580
-584
-560
-584
-560
-612
-592
-628
-636
-568
-592
-568
-580
-556
-576
-584
-620
-648
-604
-584
-616
-580
-588
-568
-580
-604
-652
-604
-604
-612
-584
-592
-572
-560
-608
-616
-636
-600
-600
-576
-572
-568
-580
-596
-588
-624
-628
-624
-584
-580
-568
-576
-604
-576
-592
-616
-592
-632
-600
-596
-576
-584
-612
-572
-608
-588
-628
-644
-620
-600
-576
-608
-564
-592
-604
-616
-612
-604
-600
-596
-540
-540
-564
-628
-592
-620
-624
-600
-592
-612
-584
-588
-608
-576
-616
-624
-616
-596
-584
-572
-564
-560
-568
-600
-648
-632
-584
-596
-576
-596
-556
-584
-568
-636
-604
-608
-624
-596
-588
-568
-592
-584
-592
-596
-628
-636
-628
-588
-560
-584
-568
-580
-580
-616
-632
-632
-616
-588
-572
-556
-592
-588
-584
-616
-620
-628
-660
-616
-592
-568
-556
-584
-596
-572
-596
-592
-640
-600
-592
-564
-580
-588
-616
-596
-616
-608
-608
-628
-576
-604
-588
-572
-612
-592
-600
-624
-572
-604
-600
-584
-584
-596
-612
-624
-600
-592
-592
-596
-568
-556
-560
-572
-632
-620
-616
-568
-600
-560
-584
-564
-588
-572
-608
-584
-604
-588
-600
-592
-560
-604
-568
-600
-628
-624
-580
-580
-600
-580
-548
-608
-596
-616
-648
-604
-604
-616
-588
-568
-568
-560
-580
-636
-604
-620
-612
-608
-600
-564
-556
-580
-612
-604
-600
-620
-588
-600
-592
-572
-560
-592
-576
-600
-616
-616
-596
-600
-600
-568
-560
-568
-576
-652
-628
-624
-624
-592
-592
-612
-552
-536
-596
-608
-608
-636
-596
-592
-596
-588
-552
-576
-600
-592
-616
-624
-628
-580
-580
-564
-568
-580
-584
-612
-592
-616
-636
-584
-580
-568
-552
-572
-584
-604
-616
-620
-604
-600
-576
-584
-564
-548
-612
-612
-628
-612
-588
-580
-568
-556
-572
-548
-616
-600
-624
-616
-592
-568
-580
-572
-596
-576
-588
-616
-616
-608
-608
-576
-596
-564
-592
-604
-616
-600
-616
-620
-616
-564
-592
-556
-552
-604
-620
-608
-584
-592
-592
-568
-592
-568
-592
-616
-600
-640
-628
-656
-584
-584
-576
-572
-572
-620
-612
-636
-624
-624
-580
-588
-568
-576
-580
-596
-628
-632
-620
-612
-600
-556
-556
-548
-600
-604
-608
-640
-628
-604
-568
-556
-556
-580
-568
-608
-616
-640
-608
-584
-592
-584
-564
-568
-608
-612
-620
-616
-624
-608
-596
-568
-584
-564
-600
-592
-612
-636
-640
-584
-552
-548
-564
-604
-604
-608
-616
-632
-584
-612
-552
-556
-540
-564
-596
-596
-636
-620
-592
-600
-600
-592
-544
-552
-572
-600
-616
-616
-620
-616
-556
-548
-600
-568
-600
-652
-644
-624
-636
-600
-532
-560
-548
-592
-600
-612
-616
-656
-616
-596
-576
-576
-552
-564
-596
-608
-612
-616
-616
-576
-548
-576
-576
-548
-584
-620
-636
-616
-592
-576
-576
-568
-568
-592
-624
-592
-632
-636
-608
-604
-560
-556
-588
-588
-616
-640
-620
-644
-588
-612
-552
-592
-572
-600
-596
-660
-608
-612
-616
-580
-536
-560
-572
-604
-620
-636
-584
-612
-592
-568
-588
-552
-568
-580
-632
-628
-612
-616
-616
-564
-568
-572
-572
-596
-600
-616
-648
-632
-588
-552
-568
-572
-548
-584
-636
-624
-636
-604
-592
-576
-560
-564
-568
-596
-640
-660
-600
-592
-572
-560
-552
-568
-580
-596
-628
-604
-604
-604
-608
-584
-556
-552
-584
-616
-604
-636
-608
-596
-576
-592
-568
-584
-600
-592
-592
-672
-636
-624
-604
-564
-560
-580
-592
-640
-660
-656
-616
-580
-588
-532
-592
-568
-568
-576
-628
-616
-652
-620
-604
-560
-576
-596
-612
-588
-636
-644
-616
-584
-600
-564
-568
-596
-600
-596
-608
-612
-612
-612
-564
-540
-560
-560
-652
-600
-572
-632
-644
-592
-552
-532
-564
-564
-616
-596
-632
-624
-616
-612
-592
-592
-568
-596
-628
-600
-576
-616
-612
-588
-600
-548
-584
-568
-608
-644
-620
-628
-600
-592
-592
-612
-592
-568
-584
-608
-636
-600
-596
-596
-552
-572
-560
-600
-592
-620
-644
-620
-620
-616
-572
-576
-592
-592
-568
-632
-628
-588
-592
-592
-564
-588
-588
-564
-592
-600
-624
-620
-612
-600
-552
-580
-572
-592
-620
-636
-632
-604
-628
-608
-596
-604
-552
-580
-624
-624
-628
-616
-592
-584
-576
-572
-592
-616
-612
-632
-608
-616
-584
-568
-580
-600
-592
-592
-616
-628
-592
-616
-592
-568
-600
-576
-612
-616
-612
-632
-592
-616
-608
-600
-580
-568
-576
-604
-628
-608
-616
-596
-584
-592
-584
-592
-592
-568
-616
-640
-592
-616
-596
-580
-620
-552
-592
-616
-644
-636
-620
-592
-588
-592
-592
-572
-548
-584
-624
-632
-612
-608
-588
-628
-596
-576
-592
-604
-640
-644
-600
-592
-596
-568
-592
-592
-600
-636
-604
-604
-608
-592
-584
-592
-588
-604
-592
-600
-584
-596
-588
-620
-584
-576
-588
-600
-580
-592
-612
-620
-612
-604
-608
-584
-560
-604
-612
-640
-620
-592
-592
-596
-616
-592
-600
-620
-636
-644
-592
-584
-600
-616
-608
-536
-600
-592
-588
-604
-624
-592
-616
-608
-588
-560
-568
-604
-608
-620
-604
-624
-596
-596
-560
-580
-580
-624
-616
-588
-624
-616
-616
-568
-592
-588
-576
-592
-596
-612
-608
-596
-584
-636
-588
-552
-580
-588
-608
-636
-624
-588
-564
-612
-592
-572
-564
-576
-616
-628
-592
-564
-604
-592
-604
-608
-592
-616
-616
-592
-612
-608
-604
-592
-588
-568
-624
-616
-616
-644
-616
-588
-592
-564
-616
-592
-604
-580
-628
-636
-616
-576
-592
-568
-592
-612
-616
-612
-596
-632
-604
-592
-580
-576
-596
-576
-596
-636
-608
-608
-596
-608
-592
-596
-604
-592
-608
-616
-620
-632
-616
-592
-588
-556
-600
-592
-628
-596
-612
-608
-624
-604
-580
-572
-616
-616
-620
-616
-616
-612
-600
-580
-548
-564
-576
-632
-632
-640
-568
-616
-584
-576
-580
-592
-612
-592
-592
-620
-596
-616
-592
-592
-560
-588
-608
-612
-588
-584
-604
-624
-556
-584
-604
-596
-600
-612
-632
-596
-592
-640
-576
-580
-572
-608
-628
-592
-604
-644
-596
-632
-580
-592
-584
-588
-608
-632
-608
-592
-600
-592
-616
-600
-580
-592
-592
-604
-608
-592
-588
-604
-568
-588
-612
-572
-608
-608
-636
-632
-616
-604
-616
-612
-572
-620
-608
-604
-600
-636
-612
-612
-616
-600
-576
-600
-592
-620
-616
-632
-636
-584
-588
-560
-636
-600
-636
-592
-636
-636
-600
-576
-592
-608
-568
-600
-596
-652
-612
-620
-616
-600
-592
-588
-612
-624
-592
-596
-636
-620
-620
-620
-592
-556
-592
-592
-616
-636
-576
-616
-592
-604
-592
-584
-596
-576
-612
-588
-660
-616
-612
-592
-548
-600
-592
-616
-616
-628
-620
-616
-592
-568
-572
-592
-580
-636
-624
-600
-612
-584
-592
-612
-600
-588
-632
-612
-636
-616
-608
-616
-596
-592
-592
-616
-608
-624
-632
-620
-576
-596
-592
-592
-552
-568
-604
-592
-624
-608
-612
-608
-580
-572
-556
-584
-584
-600
-616
-592
-596
-588
-600
-592
-592
-584
-596
-596
-616
-592
-628
-636
-636
-576
-604
-596
-596
-624
-636
-656
-608
-576
-580
-568
-616
-616
-592
-612
-612
-648
-604
-596
-572
-568
-588
-584
-572
-616
-620
-612
-584
-596
-592
-600
-568
-596
-584
-584
-612
-616
-624
-584
-592
-564
-588
-608
-652
-660
-616
-596
-612
-616
-568
-592
-604
-568
-600
-608
-604
-628
-620
-600
-572
-584
-592
-616
-616
-600
-604
-604
-620
-628
-592
-612
-552
-568
-592
-616
-616
-620
-616
-600
-584
-568
-596
-576
-588
-592
-616
-620
-588
-604
-572
-592
-620
-624
-588
-608
-612
-604
-596
-596
-564
-568
-600
-628
-624
-608
-620
-596
-628
-596
-588
-592
-616
-600
-612
-616
-604
-616
-612
-568
-596
-604
-568
-596
-600
-652
-632
-624
-592
-556
-584
-564
-584
-608
-636
-616
-600
-600
-588
-536
-576
-600
-576
-616
-628
-612
-616
-624
-572
-572
-612
-588
-600
-580
-608
-608
-620
-592
-612
-548
-568
-592
-596
-636
-620
-636
-612
-600
-596
-600
-576
-584
-628
-608
-592
-592
-640
-628
-580
-560
-556
-604
-596
-604
-612
-612
-608
-576
-592
-600
-584
-572
-592
-596
-608
-640
-600
-616
-580
-568
-592
-600
-624
-596
-616
-588
-616
-592
-636
-592
-604
-588
-592
-568
-632
-616
-616
-584
-584
-584
-600
-596
-596
-592
-608
-644
-596
-632
-592
-564
-592
-616
-612
-620
-632
-648
-588
-612
-584
-596
-592
-568
-548
-616
-596
-660
-604
-604
-568
-600
-592
-612
-604
-652
-620
-640
-628
-592
-560
-572
-580
-580
-592
-600
-644
-592
-612
-568
-580
-572
-600
-580
-616
-592
-624
-624
-576
-612
-572
-576
-580
-592
-620
-564
-652
-636
-588
-576
-592
-564
-624
-636
-576
-600
-608
-616
-592
-600
-596
-604
-592
-624
-608
-604
-628
-604
-584
-596
-596
-596
-592
-616
-588
-592
-596
-608
-600
-584
-576
-568
-592
-552
-616
-596
-608
-600
-632
-596
-592
-568
-568
-624
-616
-640
-608
-592
-604
-584
-592
-588
-584
-608
-628
-588
-620
-604
-580
-576
-572
-600
-600
-616
-592
-648
-640
-620
-616
-592
-584
-596
-616
-620
-604
-604
-624
-592
-612
-612
-588
-600
-568
-604
-616
-608
-616
-596
-568
-572
-616
-620
-588
-596
-636
-616
-616
-600
-588
-600
-600
-592
-600
-608
-636
-580
-640
-608
-592
-588
-592
-584
-600
-628
-644
-604
-600
-576
-584
-592
-584
-628
-608
-624
-616
-620
-620
-596
-612
-588
-576
-644
-584
-620
-612
-632
-588
-572
-588
-612
-596
-604
-628
-620
-580
-568
-592
-604
-616
-592
-632
-644
-604
-644
-612
-576
-572
-596
-612
-600
-592
-600
-608
-636
-592
-616
-608
-604
-576
-608
-604
-628
-580
-568
-600
-616
-592
-628
-604
-600
-616
-596
-600
-584
-600
-592
-584
-616
-588
-608
-612
-612
-616
-600
-588
-624
-580
-592
-572
-588
-596
-616
-592
-616
-616
-628
-596
-576
-600
-608
-612
-604
-612
-624
-604
-616
-580
-588
-584
-584
-576
-624
-616
-580
-612
-584
-584
-608
-564
-592
-604
-640
-616
-604
-624
-616
-600
-636
-592
-568
-584
-584
-600
-584
-612
-624
-592
-596
-612
-616
-600
-596
-596
-608
-636
-596
-592
-556
-600
-604
-596
-616
-596
-604
-600
-592
-608
-608
-604
-596
-600
-600
-596
-604
-616
-612
-592
-608
-588
-620
-612
-584
-584
-592
-604
-620
-604
-596
-608
-576
-616
-636
-624
-596
-580
-616
-564
-592
-592
-592
-612
-592
-588
-600
-616
-592
-604
-608
-596
-584
-604
-604
-624
-592
-584
-616
-580
-612
-600
-616
-628
-592
-604
-592
-616
-592
-620
-620
-608
-616
-616
-592
-600
-608
-608
-588
-592
-580
-600
-596
-616
-592
-608
-588
-576
-580
-588
-600
-596
-612
-608
-600
-628
-588
-584
-584
-604
-612
-588
-600
-600
-636
-608
-612
-604
-596
-596
-592
-616
-580
-640
-592
-588
-588
-604
-616
-616
-624
-576
-632
-612
-608
-604
-592
-560
-568
-592
-632
-588
-608
-640
-624
-620
-600
-572
-616
-608
-600
-608
-608
-608
-616
-620
-572
-572
-560
-604
-616
-620
-620
-616
-616
-636
-600
-592
-572
-572
-592
-608
-596
-604
-592
-572
-572
-588
-596
-580
-596
-616
-600
-616
-576
-616
-572
-592
-588
-600
-604
-592
-608
-596
-596
-548
-616
-616
-592
-588
-592
-608
-592
-644
-612
-588
-588
-576
-604
-608
-584
-616
-616
-560
-616
-600
-584
-564
-600
-592
-620
-612
-612
-568
-604
-600
-572
-600
-600
-564
-600
-632
-620
-592
-576
-568
-584
-588
-604
-608
-608
-608
-608
-588
-612
-608
-568
-588
-616
-592
-616
-584
-584
-584
-600
-588
-592
-596
-600
-592
-600
-608
-612
-604
-612
-612
-584
-580
-616
-596
-604
-616
-584
-584
-596
-572
-592
-580
-580
-612
-620
-600
-620
-636
-592
-556
-592
-580
-572
-576
-620
-628
-600
-612
-584
-592
-596
-568
-608
-628
-628
-592
-636
-640
-568
-596
-592
-584
-596
-616
-620
-592
-636
-600
-632
-568
-596
-600
-584
-600
-616
-588
-600
-604
-628
-580
-592
-560
-592
-636
-620
-612
-608
-612
-604
-616
-588
-592
-588
-604
-612
-612
-600
-600
-580
-576
-592
-612
-604
-608
-600
-624
-628
-612
-608
-616
-584
-612
-592
-624
-640
-616
-592
-616
-608
-616
-604
-620
-636
-640
-588
-600
-568
-612
-592
-608
-624
-624
-604
-620
-600
-644
-608
-592
-572
-620
-580
-616
-592
-660
-600
-600
-608
-600
-632
-584
-592
-588
-612
-620
-632
-580
-592
-576
-588
-592
-592
-592
-624
-592
-636
-604
-612
-612
-584
-592
-580
-592
-604
-616
-644
-592
-600
-616
-552
-592
-592
-632
-620
-628
-616
-612
-588
-584
-592
-616
-592
-576
-628
-616
-608
-600
-588
-576
-568
-608
-600
-608
-636
-636
-616
-620
-628
-592
-580
-600
-600
-608
-640
-612
-628
-592
-612
-604
-584
-572
-568
-624
-612
-648
-596
-592
-592
-572
-608
-592
-588
-592
-604
-632
-576
-592
-620
-600
-600
-612
-608
-592
-620
-620
-612
-616
-592
-588
-584
-616
-580
-556
-660
-596
-592
-616
-596
-660
-588
-588
-596
-612
-576
-616
-620
-580
-596
-584
-596
-576
-616
-592
-616
-596
-616
-592
-588
-592
-592
-596
-576
-592
-604
-652
-616
-604
-600
-616
-556
-588
-604
-632
-628
-624
-600
-596
-620
-604
-624
-620
-612
-600
-644
-596
-608
-636
-604
-604
-604
-596
-616
-612
-604
-612
-620
-608
-604
-600
-592
-624
-612
-600
-644
-612
-624
-596
-576
-580
-608
-592
-616
-628
-592
-608
-600
-612
-620
-600
-588
-604
-620
-628
-632
-632
-596
-584
-624
-624
-592
-616
-592
-644
-628
-604
-592
-568
-600
-592
-568
-596
-608
-616
-616
-636
-604
-572
-580
-596
-616
-620
-596
-620
-596
-592
-572
-616
-596
-596
-592
-580
-604
-608
-632
-580
-592
-616
-596
-560
-608
-584
-596
-624
-596
-612
-620
-616
-624
-620
-600
-588
-584
-612
-608
-628
-616
-600
-608
-604
-592
-596
-616
-616
-596
-588
-616
-560
-572
-628
-600
-588
-612
-616
-580
-608
-608
-604
-616
-624
-600
-608
-616
-628
-616
-604
-600
-600
-604
-608
-608
-592
-608
-612
-608
-604
-600
-612
-592
-628
-616
-616
-616
-616
-616
-624
-616
-596
-580
-576
-600
-640
-628
-568
-608
-600
-620
-608
-600
-592
-608
-616
-632
-600
-592
-604
-624
-588
-600
-604
-568
-592
-640
-608
-604
-596
-576
-592
-644
-604
-592
-604
-596
-596
-620
-620
-608
-616
-588
-588
-604
-608
-624
-620
-624
-596
-600
-600
-608
-592
-584
-640
-616
-608
-640
-624
-592
-588
-604
-572
-604
-612
-604
-580
-616
-600
-632
-568
-616
-596
-620
-644
-628
-616
-592
-620
-600
-612
-580
-584
-580
-636
-632
-628
-628
-588
-600
-636
-628
-616
-632
-616
-612
-616
-592
-616
-608
-620
-612
-604
-616
-616
-632
-628
-604
-576
-592
-592
-588
-600
-640
-600
-588
-620
-596
-608
-596
-620
-616
-624
-600
-596
-620
-616
-604
-616
-580
-600
-600
-624
-596
-592
-596
-580
-604
-628
-596
-608
-608
-580
-616
-620
-596
-604
-588
-592
-612
-616
-608
-592
-616
-620
-632
-572
-604
-604
-596
-596
-636
-600
-604
-616
-584
-628
-636
-636
-616
-616
-600
-612
-608
-604
-592
-580
-596
-592
-592
-616
-608
-616
-616
-600
-604
-608
-624
-624
-636
-592
-596
-592
-628
-624
-616
-612
-584
-608
-612
-584
-592
-628
-620
-600
-616
-604
-616
-632
-620
-616
-596
-616
-620
-616
-628
-624
-588
-584
-608
-612
-596
-624
-608
-588
-608
-616
-616
-572
-600
-596
-568
-624
-620
-592
-588
-616
-592
-600
-592
-572
-608
-632
-612
-580
-604
-592
-596
-584
-640
-604
-592
-632
-596
-612
-600
-596
-608
-616
-592
-660
-596
-644
-616
-612
-592
-644
-620
-584
-592
-636
-588
-612
-616
-604
-596
-652
-584
-616
-616
-592
-616
-600
-624
-632
-608
-596
-584
-592

