-544
-388
-260
-224
-348
-660
-968
-1236
-1196
-892
-388
104
360
312
-108
-720
-1416
-1812
-1716
-1176
-332
472
748
648
268
-772
-1692
-1892
-1748
-1536
-124
676
732
612
492
-904
-1916
-1896
-1780
-1636
-88
816
716
628
504
-692
-2048
-1908
-1788
-1680
-476
824
740
656
528
-24
-1952
-1956
-1828
-1712
-1272
636
860
704
592
428
-1368
-2104
-1936
-1772
-1680
-216
900
792
692
548
-8
-1968
-1984
-1860
-1748
-1356
744
848
744
608
452
-1580
-1992
-1932
-1808
-1672
528
800
732
612
504
-1212
-2020
-1952
-1816
-1688
408
776
756
596
500
-1136
-1992
-1976
-1816
-1692
276
800
756
624
528
-780
-2072
-1980
-1792
-1672
96
768
784
628
520
-876
-2072
-1996
-1816
-1680
408
756
756
608
516
-1136
-1976
-2000
-1796
-1676
564
712
716
644
512
-1264
-1976
-1956
-1840
-1692
724
728
708
628
464
-1588
-1912
-1928
-1816
-1612
1020
752
676
596
428
-1976
-1908
-1864
-1792
-1524
1072
808
680
608
436
-2088
-1892
-1852
-1772
-1540
1088
772
676
556
444
-1996
-1884
-1920
-1816
-1616
1012
780
664
560
428
-1924
-1904
-1892
-1796
-1568
1028
748
692
576
440
-2048
-1896
-1880
-1768
-1492
1072
780
680
612
412
-2088
-1944
-1860
-1768
-1492
1076
768
652
604
396
-2160
-1916
-1856
-1748
-1376
1128
796
656
564
288
-2268
-1944
-1848
-1728
-1268
1108
816
656
580
276
-2268
-1920
-1844
-1728
-1284
1108
796
672
588
360
-2224
-1952
-1836
-1744
-1460
1012
780
672
600
428
-1956
-1924
-1884
-1760
-1600
740
808
736
608
536
-1588
-1920
-1912
-1820
-1636
576
792
756
648
496
-1500
-1912
-1908
-1796
-1644
576
780
748
648
540
-1544
-1928
-1900
-1804
-1660
640
752
764
632
500
-1628
-1904
-1908
-1816
-1664
728
748
744
636
476
-1660
-1888
-1920
-1792
-1656
776
804
728
616
508
-1692
-1900
-1936
-1792
-1612
772
764
716
652
476
-1696
-1908
-1924
-1816
-1660
776
772
728
628
496
-1684
-1900
-1916
-1824
-1644
760
768
744
624
508
-1636
-1936
-1908
-1820
-1664
748
744
744
620
504
-1712
-1928
-1936
-1784
-1632
768
740
720
652
504
-1788
-1908
-1888
-1768
-1636
900
748
688
640
476
-1956
-1912
-1876
-1776
-1576
988
752
704
640
512
-1928
-1908
-1908
-1800
-1612
924
756
684
616
496
-1724
-1928
-1908
-1780
-1664
760
752
720
656
544
-1568
-1916
-1928
-1800
-1668
632
772
764
628
500
-1476
-1928
-1928
-1832
-1676
636
748
760
672
496
-1568
-1908
-1900
-1796
-1676
784
756
676
600
508
-1712
-1868
-1952
-1792
-1652
900
748
740
620
476
-1880
-1908
-1908
-1800
-1576
1064
788
660
588
448
-2032
-1864
-1908
-1772
-1568
1140
788
656
596
460
-2128
-1896
-1872
-1780
-1520
1200
780
672
576
412
-2244
-1892
-1868
-1804
-1468
1200
784
656
592
400
-2304
-1904
-1856
-1772
-1436
1244
804
644
564
364
-2344
-1936
-1836
-1780
-1412
1236
816
660
592
356
-2364
-1908
-1872
-1776
-1404
1236
812
664
576
304
-2392
-1944
-1852
-1744
-1364
1240
816
628
576
324
-2388
-1908
-1860
-1748
-1244
1200
816
656
564
240
-2396
-2016
-1828
-1752
-1156
1208
804
640
584
232
-2412
-1948
-1832
-1780
-1152
1196
840
668
552
200
-2404
-1984
-1860
-1784
-1112
1180
844
648
520
156
-2384
-1984
-1824
-1740
-1092
1156
840
664
556
188
-2392
-1932
-1840
-1760
-1128
1160
856
640
524
228
-2384
-1968
-1792
-1744
-1220
1192
836
692
564
272
-2400
-1960
-1828
-1764
-1284
1208
816
688
568
340
-2388
-1952
-1824
-1748
-1344
1204
812
680
600
376
-2324
-1952
-1824
-1748
-1408
1224
800
680
588
384
-2300
-1944
-1860
-1740
-1452
1244
796
700
592
368
-2332
-1928
-1840
-1744
-1432
1228
768
656
584
360
-2336
-1916
-1844
-1776
-1476
1232
820
680
592
376
-2344
-1908
-1796
-1748
-1460
1216
788
664
580
416
-2284
-1908
-1816
-1752
-1488
1224
792
696
608
388
-2348
-1932
-1836
-1756
-1452
1228
768
668
572
360
-2324
-1944
-1836
-1744
-1396
1224
800
696
620
360
-2344
-1932
-1860
-1768
-1420
1176
804
664
552
336
-2336
-1904
-1840
-1760
-1388
1200
792
656
600
356
-2328
-1956
-1856
-1760
-1424
1216
788
652
560
388
-2348
-1888
-1840
-1772
-1396
1220
788
656
608
360
-2376
-1960
-1852
-1792
-1380
1228
816
668
552
300
-2356
-1920
-1872
-1760
-1356
1232
796
680
564
328
-2392
-1928
-1828
-1764
-1360
1204
832
676
592
324
-2388
-1956
-1840
-1784
-1368
1240
816
672
572
316
-2392
-1932
-1808
-1772
-1376
1220
820
660
572
296
-2364
-1928
-1840
-1756
-1408
1212
812
700
576
348
-2396
-1936
-1860
-1756
-1388
1216
788
640
580
360
-2364
-1936
-1816
-1740
-1396
1224
804
672
612
316
-2372
-1932
-1800
-1752
-1376
1212
836
656
588
312
-2420
-1936
-1840
-1760
-1260
1184
804
676
564
292
-2396
-1964
-1820
-1728
-1240
1236
852
672
556
236
-2380
-1960
-1840
-1784
-1240
1200
848
664
564
164
-2420
-1972
-1784
-1720
-1132
1180
844
624
544
156
-2384
-1972
-1796
-1744
-1108
1152
844
664
564
120
-2396
-1984
-1816
-1704
-1072
1132
836
660
616
116
-2392
-1968
-1816
-1724
-1044
1156
848
648
568
96
-2360
-1968
-1832
-1700
-1072
1132
844
668
576
44
-2364
-1992
-1840
-1728
-1024
1148
836
676
548
68
-2348
-1984
-1812
-1740
-1008
1160
848
644
568
32
-2360
-2012
-1796
-1732
-988
1068
856
696
548
-8
-2348
-1988
-1772
-1724
-912
1068
832
648
544
-20
-2332
-2004
-1776
-1676
-896
1076
852
680
552
-72
-2324
-1972
-1820
-1744
-884
1064
860
656
560
-48
-2348
-1960
-1792
-1660
-880
1096
836
620
548
-16
-2280
-1984
-1808
-1732
-888
1096
856
680
520
-68
-2336
-1984
-1816
-1720
-864
1104
840
656
584
-84
-2336
-1976
-1800
-1640
-860
1100
820
680
544
-52
-2332
-1972
-1772
-1712
-932
1076
852
656
584
-12
-2368
-2012
-1776
-1692
-940
1100
812
656
544
32
-2356
-1988
-1784
-1748
-1008
1148
856
652
528
36
-2356
-1980
-1824
-1692
-1036
1136
844
684
552
100
-2372
-1968
-1792
-1700
-1060
1164
848
648
556
112
-2392
-1972
-1808
-1748
-1084
1156
876
668
540
112
-2388
-1988
-1804
-1724
-1100
1156
848
692
588
112
-2376
-1972
-1792
-1708
-1092
1140
844
660
560
80
-2380
-1972
-1808
-1696
-1068
1136
844
660
532
96
-2360
-1976
-1812
-1720
-1088
1152
860
688
556
120
-2376
-1944
-1820
-1732
-1108
1140
836
668
552
88
-2336
-1996
-1820
-1700
-1080
1196
864
648
568
60
-2392
-1960
-1804
-1748
-1068
1164
824
656
576
100
-2372
-1996
-1828
-1680
-1136
1176
824
700
588
172
-2372
-1984
-1824
-1708
-1152
1200
820
632
576
160
-2376
-1968
-1840
-1724
-1180
1184
860
676
548
168
-2380
-1936
-1840
-1712
-1180
1156
828
676
560
180
-2384
-1956
-1824
-1720
-1168
1172
836
636
580
160
-2376
-1952
-1800
-1704
-1176
1176
840
680
588
200
-2404
-1972
-1792
-1724
-1184
1204
856
688
564
152
-2412
-1956
-1832
-1732
-1152
1164
824
640
568
160
-2388
-1996
-1820
-1748
-1176
1172
836
660
536
196
-2372
-1964
-1792
-1720
-1172
1176
844
664
572
172
-2404
-1972
-1824
-1728
-1148
1176
840
704
588
164
-2380
-1976
-1824
-1696
-1116
1168
804
648
588
132
-2372
-1976
-1836
-1716
-1100
1176
860
660
532
152
-2372
-1972
-1816
-1724
-1112
1168
840
660
548
164
-2428
-1964
-1800
-1708
-1128
1184
852
688
564
144
-2376
-1984
-1804
-1756
-1164
1184
840
660
588
152
-2416
-1980
-1820
-1716
-1148
1184
820
648
572
144
-2360
-1920
-1792
-1732
-1156
1172
860
632
564
92
-2384
-1956
-1808
-1708
-1152
1152
860
676
564
112
-2400
-1956
-1804
-1720
-1108
1164
812
648
572
132
-2380
-2012
-1812
-1708
-1076
1180
824
668
544
152
-2372
-1968
-1812
-1704
-1128
1152
820
664
576
124
-2404
-1940
-1828
-1748
-1112
1168
804
676
552
136
-2372
-1948
-1820
-1728
-1080
1156
812
660
588
112
-2372
-1952
-1808
-1720
-1044
1156
824
680
572
68
-2384
-1980
-1824
-1724
-1072
1172
852
612
560
140
-2368
-1960
-1824
-1744
-1136
1168
816
728
544
156
-2404
-1968
-1832
-1732
-1152
1160
832
680
580
196
-2404
-1964
-1784
-1692
-1196
1168
836
672
592
176
-2404
-1968
-1824
-1744
-1176
1168
840
664
560
184
-2400
-1952
-1808
-1712
-1168
1176
860
660
564
164
-2364
-1952
-1828
-1744
-1160
1172
844
664
584
164
-2396
-1952
-1808
-1744
-1168
1144
840
656
572
172
-2380
-1960
-1860
-1724
-1136
1156
808
680
572
176
-2404
-1996
-1840
-1732
-1136
1132
812
640
548
180
-2384
-1964
-1816
-1752
-1172
1176
832
660
568
152
-2404
-1980
-1828
-1724
-1096
1136
812
668
588
156
-2372
-1960
-1840
-1712
-1104
1156
808
648
576
136
-2388
-1976
-1824
-1720
-1144
1152
848
672
568
152
-2384
-1952
-1816
-1720
-1172
1208
852
672
552
156
-2384
-1960
-1836
-1732
-1156
1192
872
684
588
180
-2404
-1976
-1832
-1704
-1136
1176
816
640
588
188
-2384
-1952
-1868
-1720
-1168
1180
868
668
560
168
-2356
-1952
-1820
-1720
-1144
1188
836
680
596
168
-2384
-1948
-1836
-1720
-1136
1156
860
660
580
116
-2412
-1952
-1768
-1680
-1112
1168
832
680
564
124
-2384
-1984
-1792
-1724
-1112
1132
852
660
564
132
-2396
-1964
-1804
-1712
-1080
1176
844
676
556
128
-2392
-1964
-1796
-1708
-1100
1148
848
660
556
120
-2372
-1996
-1808
-1724
-1072
1140
836
656
576
84
-2336
-1996
-1816
-1680
-1052
1172
836
652
556
96
-2376
-1976
-1792
-1704
-1056
1168
824
692
580
148
-2372
-1976
-1800
-1728
-1104
1156
848
688
572
140
-2364
-1928
-1792
-1696
-1108
1176
860
668
604
148
-2404
-1964
-1804
-1716
-1100
1176
840
660
556
116
-2360
-1968
-1792
-1736
-1116
1148
832
672
584
120
-2368
-1968
-1816
-1704
-1076
1144
844
680
572
112
-2384
-1964
-1784
-1712
-1072
1128
844
672
588
96
-2380
-1992
-1816
-1712
-1024
1132
816
672
568
80
-2336
-1976
-1800
-1712
-1040
1164
832
668
568
68
-2364
-1960
-1820
-1716
-1044
1152
836
688
560
60
-2324
-1980
-1812
-1728
-1012
1112
836
680
576
36
-2356
-1984
-1824
-1720
-988
1132
836
656
560
0
-2316
-1976
-1800
-1680
-1004
1124
856
700
584
40
-2336
-1964
-1812
-1716
-1028
1152
860
700
572
64
-2344
-1952
-1796
-1716
-1116
1132
876
680
588
104
-2340
-1976
-1800
-1684
-1076
1116
844
680
572
108
-2364
-1976
-1808
-1704
-1088
1192
824
668
596
140
-2384
-1964
-1820
-1708
-1092
1156
832
680
552
108
-2360
-1952
-1808
-1728
-1092
1144
852
640
584
104
-2352
-1968
-1796
-1724
-1084
1184
856
700
580
112
-2316
-1952
-1804
-1720
-1100
1124
864
676
572
96
-2360
-1964
-1800
-1704
-1080
1156
800
656
576
148
-2376
-1964
-1784
-1716
-1112
1168
820
684
588
116
-2360
-1960
-1792
-1724
-1092
1136
840
688
596
88
-2364
-1968
-1800
-1704
-1068
1132
824
700
532
80
-2364
-1960
-1812
-1740
-1048
1160
844
664
544
108
-2376
-1976
-1796
-1704
-1080
1172
888
692
544
124
-2360
-1976
-1808
-1688
-1132
1180
824
676
588
212
-2364
-1976
-1796
-1692
-1156
1172
860
652
580
196
-2360
-1948
-1800
-1716
-1168
1184
856
644
544
224
-2384
-1952
-1792
-1736
-1180
1152
816
668
588
212
-2336
-1964
-1780
-1704
-1196
1208
860
648
588
172
-2384
-1984
-1816
-1724
-1148
1164
824
656
564
112
-2360
-1960
-1816
-1716
-1108
1168
856
648
612
164
-2368
-1936
-1788
-1716
-1124
1184
860
680
588
172
-2392
-1924
-1824
-1700
-1140
1188
852
656
564
156
-2364
-1952
-1784
-1712
-1104
1180
836
652
560
128
-2388
-1968
-1812
-1700
-1136
1160
844
692
588
144
-2356
-1948
-1816
-1704
-1112
1184
836
668
568
204
-2384
-1976
-1832
-1704
-1180
1168
848
680
572
208
-2368
-1964
-1808
-1716
-1208
1184
832
680
556
188
-2384
-1964
-1772
-1716
-1224
1200
868
676
588
220
-2360
-1944
-1808
-1720
-1200
1184
848
656
572
216
-2364
-1952
-1832
-1724
-1224
1196
804
680
576
224
-2360
-1928
-1816
-1712
-1216
1184
844
680
564
224
-2376
-1968
-1836
-1704
-1176
1176
800
656
544
204
-2416
-1968
-1816
-1744
-1172
1196
840
640
564
208
-2376
-1952
-1816
-1744
-1164
1200
832
684
548
180
-2384
-1952
-1820
-1736
-1160
1176
848
624
564
228
-2388
-1924
-1808
-1728
-1148
1188
844
696
564
156
-2400
-1960
-1840
-1736
-1124
1152
840
656
548
172
-2380
-1968
-1824
-1740
-1176
1168
848
680
580
180
-2392
-1968
-1796
-1700
-1176
1208
840
668
596
220
-2340
-1932
-1780
-1724
-1208
1184
880
688
596
204
-2412
-1956
-1808
-1708
-1184
1200
836
664
552
196
-2376
-1968
-1804
-1748
-1192
1220
852
664
588
196
-2376
-1940
-1816
-1724
-1164
1200
868
688
576
196
-2392
-1956
-1816
-1688
-1156
1204
844
656
544
152
-2380
-1976
-1812
-1724
-1140
1168
860
664
580
188
-2408
-1944
-1812
-1712
-1164
1156
868
652
592
192
-2376
-1956
-1812
-1740
-1120
1204
800
676
592
204
-2392
-1960
-1804
-1752
-1156
1184
884
656
596
152
-2372
-1952
-1816
-1712
-1132
1160
860
680
608
112
-2384
-1976
-1796
-1720
-1112
1184
840
652
588
180
-2364
-1952
-1816
-1704
-1136
1192
836
660
564
176
-2404
-1976
-1796
-1744
-1180
1200
836
680
580
220
-2352
-1960
-1812
-1724
-1200
1176
840
684
560
188
-2424
-1940
-1812
-1736
-1208
1196
832
676
568
224
-2384
-1980
-1804
-1724
-1224
1184
860
640
580
176
-2376
-1956
-1832
-1732
-1152
1176
836
676
520
192
-2404
-1944
-1800
-1724
-1136
1156
832
664
576
152
-2428
-1940
-1792
-1700
-1172
1168
856
656
560
176
-2396
-1960
-1800
-1700
-1136
1156
836
708
564
180
-2360
-1968
-1788
-1724
-1136
1176
824
672
580
180
-2376
-1964
-1828
-1744
-1136
1188
876
692
588
124
-2360
-1980
-1784
-1700
-1072
1160
864
668
564
120
-2380
-1976
-1816
-1692
-1124
1152
856
684
584
136
-2396
-1960
-1812
-1712
-1096
1172
820
668
592
156
-2376
-1952
-1796
-1708
-1180
1180
840
660
576
168
-2376
-1984
-1792
-1700
-1200
1160
872
656
560
208
-2356
-1952
-1796
-1716
-1204
1152
836
664
592
152
-2380
-1996
-1808
-1712
-1176
1156
820
664
564
180
-2404
-1976
-1812
-1716
-1184
1188
824
676
580
144
-2380
-1968
-1784
-1716
-1128
1176
844
644
536
144
-2380
-1936
-1836
-1692
-1128
1140
824
652
584
156
-2356
-1964
-1816
-1736
-1140
1172
844
668
548
172
-2368
-1964
-1800
-1696
-1100
1184
832
648
564
148
-2384
-1952
-1808
-1720
-1088
1188
828
684
580
112
-2340
-1976
-1792
-1700
-1048
1168
840
652
588
108
-2356
-1968
-1808
-1720
-1108
1192
840
644
584
132
-2340
-1972
-1800
-1724
-1128
1180
848
656
552
180
-2392
-1952
-1816
-1716
-1144
1176
832
660
568
148
-2364
-1976
-1800
-1696
-1160
1180
848
664
584
172
-2384
-1956
-1824
-1720
-1148
1168
828
680
576
180
-2336
-1956
-1792
-1744
-1160
1200
804
632
544
172
-2392
-1964
-1820
-1724
-1160
1168
848
692
552
116
-2364
-1940
-1800
-1712
-1136
1156
828
640
588
136
-2380
-1968
-1792
-1708
-1128
1156
820
652
580
124
-2364
-1976
-1816
-1692
-1100
1168
840
676
568
156
-2368
-1956
-1808
-1716
-1132
1180
836
680
572
136
-2352
-1948
-1816
-1680
-1096
1132
816
668
584
124
-2364
-1972
-1828
-1704
-1132
1156
824
696
564
136
-2376
-1936
-1808
-1680
-1136
1180
844
688
568
164
-2348
-1964
-1840
-1748
-1200
1144
832
680
544
156
-2392
-1972
-1804
-1684
-1152
1188
840
688
560
192
-2400
-1936
-1792
-1716
-1216
1180
848
656
568
176
-2384
-1972
-1792
-1708
-1192
1192
812
692
580
180
-2380
-1972
-1820
-1708
-1188
1176
820
704
560
204
-2356
-1936
-1816
-1704
-1196
1156
824
664
588
204
-2384
-1952
-1828
-1704
-1160
1156
812
668
576
180
-2380
-1968
-1804
-1744
-1196
1176
824
700
596
176
-2364
-1968
-1836
-1696
-1192
1172
852
664
564
236
-2348
-1944
-1808
-1732
-1140
1192
816
668
588
164
-2380
-1940
-1796
-1696
-1148
1176
860
620
556
132
-2356
-1972
-1816
-1708
-1144
1160
812
656
588
204
-2356
-1948
-1808
-1744
-1204
1188
804
688
588
192
-2384
-1976
-1828
-1720
-1244
1168
828
664
588
240
-2396
-1960
-1816
-1700
-1252
1208
848
688
564
240
-2372
-1948
-1780
-1708
-1272
1176
792
676
592
248
-2336
-1940
-1832
-1720
-1244
1168
824
664
564
236
-2392
-1956
-1820
-1744
-1228
1180
816
656
564
224
-2404
-1920
-1800
-1728
-1224
1184
836
680
564
236
-2416
-1964
-1840
-1736
-1240
1200
832
652
596
212
-2388
-1976
-1812
-1704
-1200
1192
820
664
572
204
-2368
-1948
-1788
-1724
-1224
1188
844
692
564
220
-2380
-1936
-1828
-1704
-1176
1156
804
660
588
180
-2340
-1960
-1812
-1700
-1176
1164
820
668
592
164
-2356
-1960
-1816
-1724
-1208
1188
808
664
560
228
-2356
-1952
-1828
-1724
-1212
1196
832
672
588
224
-2360
-1948
-1832
-1720
-1288
1200
816
656
584
240
-2356
-1928
-1808
-1728
-1240
1184
820
676
584
244
-2376
-1928
-1808
-1712
-1244
1200
836
664
560
256
-2388
-1940
-1816
-1708
-1248
1196
808
664
572
200
-2388
-1952
-1836
-1724
-1248
1220
840
680
580
208
-2360
-1952
-1832
-1716
-1208
1208
840
668
552
180
-2360
-1956
-1816
-1728
-1152
1188
812
672
580
200
-2404
-1940
-1808
-1704
-1216
1164
856
660
564
180
-2376
-1968
-1804
-1724
-1196
1168
852
684
580
208
-2412
-1976
-1824
-1724
-1204
1200
824
660
536
184
-2376
-1932
-1824
-1744
-1160
1164
836
652
564
180
-2360
-1956
-1804
-1724
-1160
1176
816
684
564
212
-2360
-1928
-1820
-1744
-1228
1188
816
680
592
244
-2372
-1972
-1812
-1720
-1204
1204
824
656
564
220
-2396
-1952
-1808
-1732
-1248
1192
832
656
572
248
-2352
-1960
-1808
-1736
-1248
1228
836
684
552
216
-2372
-1940
-1804
-1704
-1236
1188
836
668
588
240
-2372
-1952
-1772
-1712
-1196
1180
820
692
544
180
-2400
-1940
-1832
-1704
-1212
1176
836
640
584
220
-2368
-1948
-1804
-1736
-1160
1172
832
644
584
188
-2384
-1928
-1816
-1732
-1228
1184
820
632
564
220
-2364
-1952
-1816
-1724
-1204
1164
832
684
584
180
-2392
-1984
-1792
-1680
-1172
1168
820
632
600
168
-2356
-1968
-1816
-1704
-1164
1156
836
656
564
152
-2384
-1960
-1812
-1736
-1184
1156
824
640
556
204
-2408
-1976
-1812
-1704
-1220
1200
816
668
592
212
-2368
-1980
-1812
-1724
-1204
1192
820
668
588
240
-2368
-1968
-1836
-1716
-1224
1172
836
632
568
224
-2376
-1956
-1780
-1748
-1228
1172
816
688
564
224
-2392
-1944
-1824
-1724
-1228
1208
824
680
576
192
-2360
-1944
-1792
-1704
-1204
1180
836
648
588
212
-2420
-1972
-1808
-1732
-1188
1196
836
676
568
192
-2400
-1944
-1804
-1696
-1172
1160
832
656
564
216
-2388
-1928
-1796
-1752
-1180
1164
872
664
560
200
-2348
-1976
-1816
-1720
-1192
1176
812
680
576
200
-2356
-1964
-1804
-1724
-1196
1136
848
680
564
152
-2392
-1972
-1792
-1720
-1168
1140
848
660
588
204
-2388
-1984
-1832
-1740
-1240
1184
836
660
584
232
-2384
-1972
-1808
-1704
-1252
1184
828
664
576
244
-2360
-1968
-1804
-1716
-1248
1204
832
648
564
216
-2360
-1952
-1816
-1720
-1248
1176
848
680
588
224
-2380
-1940
-1844
-1740
-1264
1188
836
652
584
224
-2356
-1936
-1804
-1712
-1248
1152
836
688
592
244
-2364
-1976
-1820
-1732
-1224
1208
840
640
580
220
-2352
-1940
-1832
-1740
-1208
1176
836
648
536
196
-2368
-1932
-1816
-1744
-1180
1176
824
656
576
228
-2352
-1964
-1816
-1704
-1200
1176
816
676
580
248
-2380
-1944
-1792
-1748
-1184
1136
860
640
564
192
-2360
-1976
-1792
-1712
-1176
1172
832
648
564
164
-2388
-1976
-1788
-1720
-1172
1156
808
684
584
196
-2336
-1952
-1804
-1724
-1232
1168
836
680
584
180
-2384
-1920
-1812
-1704
-1228
1176
820
664
592
232
-2344
-1976
-1788
-1720
-1288
1184
856
664
576
272
-2360
-1920
-1812
-1700
-1248
1180
832
656
612
264
-2384
-1944
-1808
-1748
-1252
1200
816
656
576
224
-2364
-1948
-1832
-1700
-1252
1200
836
692
564
272
-2364
-1932
-1800
-1740
-1248
1176
812
656
572
232
-2372
-1932
-1836
-1700
-1256
1204
832
640
544
256
-2376
-1960
-1816
-1700
-1228
1180
816
680
560
256
-2372
-1948
-1836
-1728
-1268
1200
860
692
576
224
-2360
-1972
-1816
-1748
-1228
1168
844
680
564
224
-2364
-1964
-1824
-1712
-1212
1160
816
680
568
228
-2360
-1928
-1804
-1748
-1204
1176
816
680
592
212
-2400
-1936
-1776
-1724
-1260
1176
820
612
584
252
-2356
-1948
-1840
-1744
-1276
1196
856
700
572
224
-2328
-1936
-1828
-1748
-1296
1192
836
640
564
276
-2352
-1928
-1828
-1728
-1304
1204
848
680
580
296
-2372
-1948
-1816
-1740
-1284
1200
836
712
592
248
-2376
-1940
-1820
-1732
-1288
1200
796
692
548
268
-2352
-1952
-1816
-1696
-1240
1180
828
676
560
212
-2384
-1968
-1816
-1748
-1208
1184
792
672
564
248
-2372
-1964
-1808
-1732
-1252
1192
820
672
564
256
-2368
-1900
-1820
-1744
-1240
1176
820
672
564
248
-2372
-1928
-1808
-1708
-1240
1176
824
656
588
228
-2368
-1948
-1808
-1696
-1236
1168
816
676
588
204
-2368
-1920
-1820
-1720
-1268
1164
812
644
596
264
-2344
-1976
-1804
-1672
-1292
1176
856
680
576
268
-2384
-1952
-1812
-1724
-1276
1176
784
680
604
300
-2344
-1944
-1812
-1740
-1296
1212
812
660
580
260
-2356
-1928
-1836
-1784
-1316
1204
832
680
580
272
-2368
-1928
-1832
-1720
-1304
1204
816
672
612
276
-2368
-1960
-1804
-1716
-1328
1156
812
684
552
252
-2404
-1952
-1824
-1724
-1244
1176
816
676
588
240
-2360
-1920
-1820
-1704
-1248
1188
832
680
608
252
-2368
-1936
-1800
-1736
-1252
1200
828
672
580
248
-2360
-1952
-1816
-1720
-1272
1188
824
684
592
240
-2348
-1916
-1820
-1716
-1256
1164
832
688
568
204
-2372
-1948
-1792
-1728
-1256
1184
824
680
592
228
-2368
-1952
-1820
-1720
-1296
1196
812
688
576
316
-2336
-1920
-1852
-1748
-1452
1052
828
680
592
400
-2084
-1908
-1908
-1776
-1560
824
832
752
624
460
-1860
-1928
-1888
-1800
-1636
536
896
796
672
496
-1432
-1968
-1948
-1820
-1612
76
948
816
684
532
-1160
-2028
-1960
-1772
-1632
60
948
820
680
524
-1360
-2020
-1944
-1796
-1592
440
900
792
636
320
-1944
-1956
-1816
-1696
-1040
924
820
684
568
-680
-2064
-1916
-1748
-1636
68
972
772
668
344
-1732
-1968
-1852
-1712
-976
728
884
740
540
-956
-2012
-1844
-1748
-1456
216
892
760
632
-244
-1568
-1988
-1816
-1680
-600
544
840
700
564
-860
-1884
-1848
-1752
-1596
-112
856
812
696
468
-1272
-2036
-1840
-1732
-1352
228
880
764
632
-48
-1304
-1936
-1832
-1716
-1072
44
648
752
532
-208
-960
-1588
-1812
-1704
-996
-204
408
660
496
-108
-740
-1380
-1672
-1540
-976
-360
128
408
292
-120
-576
-1044
-1384
-1340
-1036
-600
-140
196
200
-36
-468
-932
-1296
-1376
-1136
-648
-144
220
280
36
-424
-1024
-1480
-1552
-1228
-652
-24
416
456
156
-464
-1168
-1652
-1704
-1296
-612
68
444
496
152
-456
-1076
-1568
-1612
-1272
-704
-80
372
464
220
-296
-960
-1544
-1692
-1424
-820
-124
360
508
276
-276
-892
-1456
-1632
-1392
-848
-272
248
384
260
-164
-748
-1268
-1484
-1364
-992
-392
72
316
236
-132
-640
-1164
-1468
-1408
-1000
-464
80
296
280
-96
-688
-1248
-1564
-1472
-1044
-388
220
488
432
-48
-720
-1452
-1844
-1748
-1112
-300
480
748
588
72
-868
-1740
-1916
-1780
-1336
-52
676
728
600
24
-1028
-1880
-1864
-1760
-996
92
728
748
552
-324
-1228
-1860
-1848
-1672
-544
240
688
680
300
-528
-1364
-1856
-1836
-1316
-440
328
696
608
44
-668
-1432
-1856
-1740
-1080
-328
408
660
548
-44
-764
-1488
-1824
-1704
-1036
-252
404
632
496
-100
-796
-1488
-1792
-1648
-1016
-304
360
628
496
-56
-736
-1452
-1824
-1724
-1048
-352
356
672
560
44
-684
-1432
-1844
-1800
-1232
-468
336
680
620
188
-636
-1432
-1888
-1820
-1408
-420
376
744
596
132
-672
-1496
-1836
-1772
-1128
-276
428
688
516
-148
-884
-1556
-1764
-1520
-856
-124
452
556
296
-320
-1032
-1616
-1724
-1440
-784
-20
532
584
360
-300
-1088
-1720
-1836
-1656
-760
56
640
696
528
-296
-1116
-1824
-1848
-1732
-1000
72
720
708
596
-16
-1164
-1920
-1900
-1760
-1068
88
784
720
564
-12
-1160
-1900
-1900
-1780
-1008
92
708
728
584
-276
-1104
-1800
-1872
-1748
-808
68
668
712
472
-368
-1136
-1740
-1832
-1528
-660
76
584
608
176
-492
-1200
-1680
-1692
-1212
-492
116
452
432
-24
-636
-1252
-1588
-1524
-1056
-416
180
476
296
-148
-780
-1364
-1588
-1436
-888
-236
244
408
220
-320
-880
-1412
-1564
-1316
-716
-128
308
356
88
-456
-1040
-1412
-1488
-1160
-644
-48
292
324
-20
-504
-1088
-1428
-1408
-1068
-540
-56
268
216
-132
-608
-1084
-1364
-1312
-984
-488
-88
160
148
-184
-640
-1028
-1236
-1196
-860
-436
-28
88
28
-328
-736
-1076
-1196
-1024
-752
-340
-60
24
-96
-452
-816
-1092
-1092
-976
-636
-264
-36
-40
-184
-532
-856
-1076
-1104
-920
-596
-268
-64
-68
-200
-512
-860
-1100
-1092
-932
-576
-276
-48
-28
-228
-508
-836
-1104
-1116
-932
-616
-268
-68
28
-200
-476
-852
-1076
-1132
-964
-656
-316
-68
-8
-160
-452
-780
-1028
-1132
-984
-684
-400
-96
12
-92
-364
-692
-1004
-1160
-1044
-796
-428
-96
24
-20
-308
-660
-1000
-1212
-1136
-876
-488
-140
112
32
-244
-608
-1028
-1248
-1192
-924
-548
-92
168
88
-176
-644
-1040
-1296
-1272
-932
-480
-28
228
164
-184
-676
-1160
-1396
-1364
-916
-416
68
280
180
-164
-676
-1152
-1440
-1364
-980
-444
36
292
204
-140
-640
-1152
-1436
-1392
-984
-480
48
288
252
-96
-624
-1128
-1436
-1420
-1024
-440
60
300
224
-148
-660
-1176
-1424
-1368
-956
-456
36
268
192
-156
-664
-1144
-1416
-1304
-976
-448
12
228
188
-168
-592
-1124
-1332
-1316
-996
-488
-28
216
196
-180
-636
-1116
-1332
-1312
-1000
-520
-24
188
208
-132
-616
-1080
-1388
-1340
-980
-484
-32
228
156
-136
-604
-1088
-1332
-1296
-968
-524
-72
152
136
-156
-584
-1036
-1296
-1264
-972
-516
-108
132
112
-192
-612
-1052
-1248
-1272
-904
-528
-104
132
108
-160
-632
-1016
-1304
-1244
-956
-456
-88
148
96
-220
-632
-1088
-1256
-1192
-904
-468
-68
100
32
-292
-668
-1064
-1216
-1148
-864
-472
-116
84
36
-228
-632
-1008
-1192
-1148
-904
-516
-152
72
24
-204
-568
-984
-1232
-1220
-928
-556
-140
100
52
-184
-592
-988
-1212
-1192
-896
-524
-140
20
32
-224
-588
-1016
-1196
-1136
-876
-476
-128
48
-60
-344
-668
-1020
-1136
-1056
-796
-440
-116
-4
-92
-388
-728
-1004
-1084
-1004
-712
-404
-144
-16
-160
-396
-740
-988
-1084
-984
-696
-372
-128
-64
-172
-472
-752
-1028
-1080
-968
-684
-344
-96
-48
-188
-476
-816
-1004
-1068
-928
-640
-312
-108
-64
-216
-480
-836
-1036
-1056
-860
-604
-276
-100
-104
-300
-568
-916
-1028
-988
-808
-524
-216
-100
-156
-308
-644
-900
-1028
-984
-744
-452
-236
-144
-176
-388
-668
-896
-1000
-908
-736
-408
-208
-120
-164
-396
-684
-932
-1004
-928
-668
-376
-168
-140
-232
-480
-740
-936
-992
-908
-628
-360
-164
-124
-264
-488
-780
-968
-992
-840
-592
-296
-196
-152
-300
-548
-812
-960
-972
-820
-540
-320
-192
-208
-320
-560
-792
-960
-924
-828
-552
-352
-216
-204
-344
-564
-788
-920
-908
-760
-504
-320
-212
-196
-388
-624
-764
-924
-888
-728
-528
-312
-212
-236
-376
-568
-800
-900
-880
-744
-548
-344
-220
-264
-364
-588
-780
-868
-860
-716
-512
-348
-268
-272
-400
-592
-752
-840
-840
-704
-548
-368
-260
-284
-412
-568
-764
-824
-840
-728
-524
-392
-304
-320
-396
-524
-688
-820
-820
-728
-592
-416
-308
-268
-388
-524
-704
-756
-820
-732
-600
-476
-348
-300
-392
-488
-644
-784
-820
-752
-616
-480
-360
-320
-392
-484
-608
-744
-732
-780
-676
-540
-448
-328
-364
-456
-584
-704
-764
-732
-664
-548
-464
-380
-384
-448
-588
-684
-772
-748
-664
-544
-448
-400
-380
-460
-568
-680
-760
-724
-660
-588
-464
-392
-372
-452
-580
-692
-728
-720
-696
-600
-492
-400
-380
-440
-528
-644
-704
-748
-688
-608
-520
-428
-384
-432
-496
-624
-696
-752
-692
-620
-524
-424
-372
-432
-504
-596
-680
-744
-724
-636
-580
-476
-372
-388
-460
-572
-704
-768
-728
-632
-512
-436
-396
-400
-456
-608
-704
-760
-744
-648
-516
-444
-368
-400
-496
-572
-684
-760
-752
-664
-544
-420
-356
-400
-468
-592
-716
-772
-740
-648
-548
-416
-364
-368
-432
-536
-704
-796
-808
-684
-540
-412
-312
-328
-432
-584
-692
-780
-776
-712
-568
-408
-288
-304
-416
-580
-724
-820
-820
-728
-548
-368
-304
-276
-388
-540
-728
-796
-820
-704
-596
-412
-296
-292
-388
-564
-720
-792
-820
-720
-588
-400
-332
-304
-408
-592
-716
-780
-780
-684
-556
-464
-344
-364
-412
-564
-680
-804
-796
-704
-560
-416
-336
-364
-404
-552
-692
-796
-756
-716
-556
-460
-364
-356
-444
-544
-704
-788
-736
-668
-572
-408
-364
-368
-500
-596
-676
-764
-728
-676
-536
-432
-364
-416
-464
-616
-660
-708
-728
-628
-568
-464
-420
-444
-476
-548
-660
-704
-696
-616
-520
-476
-448
-432
-508
-592
-660
-700
-684
-588
-508
-508
-424
-480
-524
-608
-696
-688
-684
-596
-524
-484
-432
-456
-556
-628
-656
-716
-636
-572
-524
-468
-428
-444
-544
-612
-680
-648
-664
-604
-524
-460
-440
-456
-524
-600
-668
-712
-668
-576
-500
-444
-424
-468
-568
-628
-664
-700
-664
-596
-536
-436
-420
-444
-496
-616
-676
-680
-648
-592
-516
-476
-424
-480
-504
-612
-704
-708
-676
-592
-500
-456
-404
-440
-504
-648
-696
-724
-672
-588
-496
-452
-400
-464
-516
-624
-696
-736
-692
-596
-516
-432
-388
-420
-488
-624
-712
-716
-728
-628
-496
-392
-368
-416
-504
-608
-728
-784
-720
-632
-516
-368
-364
-396
-528
-620
-716
-760
-716
-592
-492
-384
-336
-432
-516
-628
-756
-760
-740
-584
-472
-392
-356
-416
-500
-624
-716
-740
-752
-604
-460
-324
-352
-408
-500
-664
-760
-780
-728
-628
-508
-380
-336
-396
-504
-652
-760
-792
-760
-672
-500
-364
-288
-356
-476
-648
-772
-828
-772
-632
-468
-372
-340
-372
-476
-668
-788
-828
-740
-616
-480
-332
-320
-384
-488
-640
-784
-796
-732
-636
-488
-344
-328
-360
-500
-656
-772
-828
-788
-624
-464
-364
-344
-332
-496
-636
-748
-836
-776
-652
-500
-380
-316
-348
-480
-632
-788
-812
-752
-636
-468
-316
-280
-388
-464
-664
-780
-848
-760
-648
-440
-312
-324
-380
-508
-684
-776
-812
-764
-608
-476
-332
-308
-388
-524
-644
-792
-796
-760
-592
-460
-360
-332
-392
-536
-660
-756
-796
-740
-636
-460
-308
-344
-388
-508
-660
-768
-796
-732
-580
-428
-328
-308
-384
-520
-684
-780
-828
-732
-596
-464
-276
-308
-376
-528
-684
-772
-808
-752
-592
-416
-344
-320
-388
-540
-660
-768
-796
-704
-596
-412
-328
-328
-404
-548
-680
-780
-800
-704
-576
-444
-364
-332
-420
-540
-688
-780
-804
-704
-608
-412
-348
-352
-400
-544
-684
-752
-780
-740
-584
-456
-388
-356
-404
-536
-672
-744
-788
-716
-580
-440
-336
-380
-436
-544
-676
-736
-768
-688
-592
-448
-388
-376
-432
-548
-660
-736
-760
-696
-592
-496
-368
-404
-432
-564
-648
-712
-736
-676
-540
-484
-396
-388
-456
-576
-680
-696
-684
-648
-536
-480
-428
-388
-456
-540
-636
-732
-696
-604
-560
-480
-416
-468
-512
-584
-668
-704
-664
-624
-532
-464
-432
-456
-516
-604
-648
-684
-660
-612
-524
-464
-448
-452
-536
-628
-684
-652
-644
-572
-480
-500
-456
-480
-512
-620
-640
-696
-640
-584
-512
-456
-464
-480
-532
-604
-640
-676
-660
-604
-496
-432
-444
-516
-548
-608
-652
-672
-668
-596
-504
-452
-452
-480
-528
-628
-676
-692
-628
-580
-528
-468
-480
-492
-540
-620
-656
-660
-648
-556
-520
-436
-460
-480
-516
-612
-672
-660
-652
-568
-488
-460
-440
-472
-540
-616
-640
-664
-620
-592
-556
-460
-416
-484
-548
-596
-628
-660
-660
-608
-524
-452
-432
-476
-536
-616
-664
-680
-676
-636
-564
-492
-456
-456
-532
-556
-636
-684
-668
-592
-564
-524
-464
-476
-524
-568
-636
-640
-672
-604
-540
-504
-484
-480
-508
-556
-620
-644
-636
-608
-548
-536
-480
-480
-500
-548
-616
-656
-660
-632
-544
-520
-424
-468
-536
-564
-628
-624
-660
-644
-584
-524
-460
-480
-484
-528
-616
-608
-696
-640
-536
-504
-496
-472
-508
-568
-616
-668
-684
-584
-580
-532
-512
-464
-476
-556
-616
-652
-660
-612
-568
-512
-464
-476
-484
-544
-596
-644
-652
-640
-580
-520
-456
-436
-472
-548
-632
-640
-644
-632
-596
-524
-484
-456
-508
-544
-580
-660
-684
-664
-584
-544
-472
-448
-484
-552
-616
-652
-668
-660
-600
-516
-480
-476
-500
-548
-584
-652
-668
-632
-588
-520
-488
-456
-480
-532
-600
-636
-712
-652
-604
-556
-500
-452
-420
-500
-596
-648
-676
-644
-632
-524
-484
-440
-460
-500
-568
-656
-680
-640
-616
-556
-468
-456
-456
-512
-600
-640
-684
-672
-620
-540
-480
-432
-436
-484
-592
-640
-704
-664
-604
-564
-516
-468
-432
-484
-604
-656
-700
-684
-664
-572
-508
-444
-432
-476
-572
-636
-724
-672
-644
-540
-436
-424
-432
-480
-588
-648
-684
-704
-636
-548
-436
-416
-436
-464
-548
-664
-672
-708
-628
-556
-492
-408
-424
-456
-560
-664
-684
-676
-636
-520
-488
-432
-408
-488
-548
-636
-676
-696
-616
-552
-468
-416
-456
-460
-548
-640
-704
-700
-656
-572
-484
-416
-412
-500
-580
-616
-704
-724
-684
-584
-468
-400
-412
-484
-568
-644
-704
-664
-648
-568
-480
-456
-388
-460
-576
-668
-728
-672
-636
-560
-480
-436
-428
-472
-568
-664
-716
-684
-648
-564
-480
-432
-432
-468
-576
-648
-708
-688
-660
-536
-472
-400
-420
-480
-580
-656
-704
-704
-652
-548
-476
-416
-456
-520
-568
-680
-696
-712
-632
-540
-460
-404
-416
-492
-592
-668
-728
-644
-628
-516
-460
-424
-456
-496
-596
-700
-672
-688
-620
-524
-432
-432
-432
-536
-592
-664
-696
-660
-608
-512
-464
-416
-472
-536
-620
-652
-704
-668
-600
-516
-448
-400
-452
-536
-616
-704
-708
-680
-600
-500
-432
-412
-432
-520
-648
-696
-748
-660
-580
-480
-432
-376
-448
-540
-616
-712
-740
-680
-592
-464
-408
-388
-472
-552
-640
-716
-748
-704
-612
-496
-376
-388
-428
-528
-656
-728
-728
-676
-596
-492
-392
-388
-436
-532
-644
-756
-744
-660
-568
-492
-376
-392
-440
-520
-644
-704
-724
-696
-612
-476
-392
-384
-464
-556
-648
-740
-752
-656
-596
-500
-388
-372
-472
-580
-644
-716
-724
-652
-616
-484
-396
-360
-440
-524
-660
-716
-736
-684
-580
-476
-412
-392
-456
-560
-640
-712
-756
-680
-548
-484
-404
-412
-444
-524
-652
-704
-720
-688
-564
-448
-372
-392
-464
-564
-636
-684
-728
-684
-552
-472
-380
-396
-432
-576
-668
-716
-728
-660
-560
-456
-392
-388
-460
-592
-656
-736
-724
-636
-532
-440
-404
-448
-476
-548
-688
-728
-728
-668
-540
-460
-388
-412
-456
-560
-684
-736
-740
-648
-524
-444
-392
-432
-452
-588
-684
-748
-720
-636
-536
-464
-396
-424
-500
-588
-680
-728
-728
-656
-536
-440
-364
-412
-456
-612
-672
-724
-708
-648
-548
-444
-412
-388
-488
-588
-684
-664
-728
-620
-540
-452
-388
-412
-476
-568
-660
-716
-704
-616
-532
-468
-400
-400
-472
-580
-676
-736
-724
-652
-532
-444
-396
-436
-504
-584
-660
-716
-720
-656
-564
-416
-412
-404
-480
-560
-644
-708
-704
-652
-544
-456
-412
-392
-500
-616
-676
-684
-680
-652
-540
-468
-428
-428
-500
-588
-660
-748
-676
-592
-548
-484
-428
-444
-480
-584
-672
-704
-680
-648
-520
-484
-432
-440
-456
-576
-676
-696
-704
-636
-548
-464
-420
-480
-516
-584
-652
-684
-684
-652
-548
-444
-436
-428
-504
-592
-692
-696
-640
-600
-504
-496
-432
-460
-504
-580
-652
-704
-668
-580
-524
-480
-456
-460
-520
-592
-660
-644
-664
-596
-524
-476
-464
-476
-524
-592
-636
-664
-640
-592
-528
-476
-416
-468
-536
-588
-640
-664
-664
-608
-496
-480
-432
-500
-532
-596
-660
-660
-644
-568
-540
-472
-476
-480
-544
-608
-660
-664
-660
-592
-532
-468
-480
-488
-544
-576
-644
-644
-624
-576
-520
-488
-436
-500
-524
-616
-648
-636
-632
-572
-528
-476
-456
-500
-512
-584
-664
-660
-624
-564
-504
-468
-480
-516
-548
-580
-664
-664
-652
-548
-496
-464
-460
-528
-548
-612
-620
-656
-644
-572
-528
-484
-488
-496
-584
-580
-648
-636
-624
-556
-512
-480
-432
-484
-548
-616
-636
-648
-608
-556
-524
-476
-456
-488
-544
-612
-660
-668
-604
-572
-536
-480
-472
-484
-524
-596
-660
-664
-636
-540
-512
-464
-476
-488
-540
-596
-620
-636
-624
-572
-504
-476
-480
-496
-536
-592
-620
-640
-616
-592
-536
-480
-472
-492
-552
-568
-608
-636
-616
-592
-540
-476
-480
-488
-524
-580
-636
-616
-604
-584
-548
-472
-484
-480
-532
-576
-616
-612
-616
-596
-548
-500
-456
-500
-548
-568
-616
-616
-592
-604
-540
-500
-480
-492
-544
-556
-584
-628
-616
-600
-548
-508
-508
-492
-528
-592
-608
-612
-612
-596
-564
-500
-488
-524
-540
-556
-600
-616
-620
-600
-532
-504
-500
-536
-524
-536
-592
-628
-596
-568
-564
-536
-488
-492
-548
-548
-612
-616
-624
-596
-548
-504
-500
-500
-528
-580
-592
-600
-604
-584
-560
-492
-480
-492
-524
-560
-584
-612
-624
-548
-544
-524
-504
-512
-500
-548
-616
-600
-616
-616
-560
-528
-480
-512
-500
-564
-628
-616
-616
-600
-568
-492
-512
-488
-504
-556
-568
-616
-636
-620
-568
-532
-500
-488
-480
-560
-588
-636
-624
-592
-548
-528
-480
-464
-480
-560
-608
-640
-652
-616
-576
-528
-480
-464
-456
-528
-584
-640
-648
-644
-588
-516
-468
-492
-488
-524
-572
-616
-656
-648
-604
-512
-488
-480
-476
-548
-592
-644
-632
-628
-568
-520
-428
-456
-496
-544
-568
-620
-684
-636
-568
-500
-496
-472
-488
-536
-572
-652
-628
-628
-612
-512
-464
-444
-480
-540
-576
-636
-620
-616
-592
-520
-500
-488
-448
-496
-588
-624
-640
-644
-604
-528
-480
-480
-484
-500
-568
-628
-648
-640
-568
-524
-504
-448
-488
-488
-584
-624
-648
-620
-592
-560
-488
-432
-472
-544
-572
-648
-652
-636
-556
-532
-480
-420
-496
-528
-596
-632
-632
-636
-568
-524
-480
-468
-472
-532
-596
-656
-644
-616
-564
-532
-492
-456
-496
-536
-608
-660
-632
-600
-564
-512
-448
-456
-452
-568
-604
-668
-664
-604
-556
-524
-456
-464
-508
-548
-616
-660
-664
-616
-556
-492
-480
-484
-484
-556
-592
-648
-640
-616
-528
-512
-456
-448
-492
-564
-600
-648
-652
-628
-592
-492
-476
-468
-524
-572
-600
-652
-668
-616
-548
-484
-444
-456
-472
-568
-628
-652
-644
-612
-540
-520
-452
-448
-472
-592
-616
-640
-668
-580
-576
-512
-452
-420
-480
-584
-656
-676
-656
-592
-500
-456
-468
-432
-496
-568
-592
-640
-652
-616
-560
-500
-432
-432
-500
-548
-644
-648
-648
-612
-536
-508
-460
-456
-492
-544
-612
-668
-660
-620
-556
-492
-476
-444
-484
-592
-644
-632
-660
-628
-540
-456
-444
-484
-500
-568
-624
-672
-616
-568
-540
-480
-448
-440
-524
-576
-608
-636
-652
-592
-548
-468
-412
-460
-520
-580
-628
-668
-636
-604
-568
-476
-428
-456
-500
-576
-632
-668
-620
-600
-528
-504
-464
-448
-504
-548
-632
-684
-628
-576
-560
-500
-456
-444
-528
-552
-620
-644
-636
-572
-532
-480
-444
-432
-524
-568
-616
-652
-640
-568
-540
-464
-412
-464
-516
-604
-616
-664
-584
-584
-548
-460
-416
-472
-516
-584
-628
-656
-636
-568
-552
-468
-464
-488
-504
-596
-652
-664
-616
-592
-500
-432
-444
-464
-548
-564
-652
-668
-600
-592
-532
-460
-420
-468
-536
-556
-620
-652
-608
-584
-524
-472
-420
-476
-520
-560
-636
-684
-640
-568
-528
-460
-448
-472
-512
-596
-656
-644
-656
-568
-508
-476
-440
-456
-508
-568
-636
-696
-636
-604
-548
-464
-444
-500
-560
-584
-640
-692
-628
-548
-536
-468
-412
-456
-524
-604
-644
-624
-660
-568
-548
-472
-448
-464
-508
-600
-668
-640
-628
-564
-516
-480
-456
-472
-500
-584
-640
-676
-660
-556
-520
-464
-460
-480
-524
-592
-624
-644
-636
-576
-536
-456
-468
-480
-544
-620
-636
-628
-592
-572
-532
-480
-432
-476
-524
-572
-644
-628
-604
-572
-528
-476
-440
-464
-528
-592
-636
-624
-608
-584
-492
-488
-480
-504
-548
-560
-616
-628
-616
-544
-548
-468
-456
-524
-540
-572
-644
-616
-600
-544
-496
-488
-484
-520
-552
-616
-632
-608
-612
-568
-516
-456
-480
-512
-544
-592
-636
-636
-568
-544
-556
-500
-516
-508
-564
-596
-636
-652
-612
-560
-500
-480
-500
-504
-536
-596
-640
-616
-608
-548
-512
-516
-500
-524
-552
-584
-632
-616
-600
-552
-524
-492
-484
-508
-568
-616
-596
-644
-612
-540
-484
-492
-500
-500
-520
-588
-632
-632
-592
-564
-496
-484
-496
-524
-556
-592
-600
-644
-620
-552
-512
-472
-488
-524
-560
-592
-612
-616
-612
-540
-524
-484
-464
-500
-564
-568
-588
-600
-576
-588
-528
-500
-480
-548
-552
-612
-588
-596
-616
-556
-512
-504
-492
-516
-556
-600
-596
-644
-584
-576
-520
-508
-480
-508
-552
-604
-592
-592
-572
-540
-524
-512
-496
-552
-540
-628
-572
-600
-572
-592
-524
-496
-484
-524
-560
-628
-592
-612
-592
-524
-504
-516
-484
-548
-548
-572
-612
-604
-592
-560
-520
-508
-500
-512
-584
-592
-600
-604
-592
-548
-532
-504
-504
-532
-556
-544
-580
-592
-568
-572
-524
-488
-500
-540
-532
-596
-568
-584
-564
-560
-528
-512
-476
-508
-560
-572
-592
-580
-592
-568
-572
-532
-504
-516
-516
-596
-644
-616
-552
-532
-524
-528
-516
-520
-552
-568
-616
-592
-600
-552
-524
-540
-524
-484
-528
-568
-608
-596
-592
-536
-548
-516
-524
-504
-516
-592
-604
-616
-564
-572
-544
-496
-540
-532
-528
-552
-596
-600
-592
-568
-580
-528
-540
-540
-572
-564
-588
-600
-592
-548
-532
-536
-520
-516
-560
-584
-580
-608
-592
-556
-552
-524
-524
-512
-560
-548
-612
-608
-612
-584
-540
-552
-524
-524
-544
-568
-580
-616
-616
-584
-568
-484
-540
-532
-516
-576
-576
-620
-628
-560
-528
-524
-512
-524
-500
-532
-588
-600
-592
-580
-544
-548
-520
-528
-520
-588
-592
-604
-620
-564
-552
-520
-524
-500
-540
-612
-572
-632
-608
-568
-544
-532
-496
-500
-520
-556
-612
-604
-608
-592
-528
-516
-492
-508
-532
-568
-592
-628
-620
-592
-560
-536
-500
-500
-520
-540
-620
-616
-604
-564
-568
-524
-524
-524
-512
-584
-584
-636
-604
-596
-576
-524
-512
-500
-512
-552
-596
-616
-620
-568
-528
-524
-516
-520
-508
-548
-588
-624
-652
-584
-568
-524
-516
-516
-516
-544
-616
-636
-616
-560
-560
-512
-500
-500
-520
-552
-572
-616
-652
-600
-544
-484
-508
-496
-568
-568
-584
-576
-620
-580
-544
-528
-496
-524
-552
-568
-588
-620
-608
-616
-572
-524
-500
-492
-544
-568
-624
-636
-616
-608
-552
-520
-480
-504
-524
-596
-604
-612
-604
-576
-536
-524
-500
-524
-516
-592
-592
-616
-624
-624
-532
-480
-524
-516
-540
-568
-588
-632
-604
-592
-544
-480
-488
-500
-528
-568
-572
-588
-608
-596
-564
-500
-492
-492
-524
-568
-596
-636
-596
-572
-556
-496
-468
-472
-520
-572
-620
-612
-592
-588
-544
-496
-484
-524
-544
-568
-604
-612
-608
-588
-544
-492
-496
-460
-536
-548
-616
-652
-608
-544
-528
-492
-496
-488
-508
-572
-616
-636
-604
-560
-552
-508
-480
-508
-536
-568
-616
-632
-612
-548
-556
-512
-500
-492
-516
-576
-620
-656
-604
-592
-548
-484
-468
-500
-548
-572
-620
-608
-568
-608
-548
-512
-512
-496
-520
-596
-616
-632
-592
-544
-568
-516
-488
-488
-532
-592
-632
-648
-600
-568
-532
-512
-512
-492
-524
-596
-632
-616
-616
-544
-548
-504
-500
-500
-528
-584
-608
-640
-592
-572
-536
-480
-504
-500
-556
-604
-648
-636
-584
-528
-528
-524
-496
-516
-568
-580
-624
-616
-624
-584
-508
-488
-480
-524
-556
-616
-596
-620
-588
-560
-524
-504
-516
-520
-564
-612
-612
-632
-596
-564
-504
-492
-476
-532
-556
-616
-616
-628
-592
-572
-512
-488
-480
-524
-532
-600
-656
-628
-592
-560
-548
-496
-504
-548
-552
-612
-640
-600
-580
-532
-516
-492
-492
-552
-552
-612
-636
-632
-604
-572
-532
-508
-484
-520
-548
-600
-632
-624
-588
-576
-500
-500
-500
-524
-544
-592
-628
-632
-588
-536
-524
-484
-520
-508
-540
-608
-628
-632
-612
-588
-500
-520
-500
-524
-564
-632
-596
-600
-568
-560
-528
-476
-496
-532
-548
-612
-616
-604
-584
-564
-524
-500
-496
-524
-524
-600
-616
-596
-580
-548
-540
-496
-524
-528
-552
-612
-620
-608
-584
-560
-520
-512
-504
-528
-560
-592
-620
-628
-604
-564
-532
-504
-500
-524
-560
-576
-604
-600
-592
-564
-516
-484
-488
-540
-564
-616
-632
-628
-600
-568
-532
-516
-500
-528
-580
-588
-616
-616
-588
-544
-528
-504
-528
-512
-576
-604
-596
-592
-584
-568
-520
-528
-480
-520
-556
-604
-640
-604
-612
-560
-524
-524
-532
-520
-560
-608
-604
-580
-580
-544
-520
-524
-520
-548
-548
-596
-600
-608
-584
-532
-512
-500
-548
-536
-564
-592
-628
-568
-584
-532
-532
-508
-520
-536
-588
-588
-604
-580
-552
-540
-528
-524
-532
-548
-584
-592
-592
-616
-568
-556
-508
-496
-536
-568
-576
-608
-620
-612
-580
-540
-532
-532
-548
-516
-572
-576
-596
-608
-592
-568
-520
-516
-504
-556
-572
-588
-604
-572
-584
-508
-504
-536
-524
-524
-572
-624
-616
-616
-592
-528
-508
-516
-524
-556
-568
-592
-580
-592
-548
-532
-548
-504
-524
-568
-592
-584
-612
-580
-592
-548
-524
-532
-524
-548
-576
-572
-600
-584
-616
-528
-540
-512
-516
-556
-584
-592
-612
-616
-556
-576
-548
-524
-520
-500
-568
-592
-604
-592
-560
-524
-544
-524
-524
-592
-532
-604
-616
-592
-584
-532
-496
-520
-564
-536
-556
-584
-592
-584
-584
-568
-524
-548
-540
-540
-552
-552
-600
-580
-600
-552
-544
-548
-532
-536
-548
-556
-580
-568
-560
-572
-568
-524
-524
-536
-572
-548
-584
-572
-568
-568
-568
-528
-532
-508
-564
-604
-588
-612
-596
-552
-528
-540
-524
-564
-544
-576
-592
-604
-548
-552
-568
-544
-524
-544
-556
-568
-612
-592
-612
-552
-552
-520
-532
-576
-560
-564
-580
-588
-580
-576
-564
-516
-516
-536
-540
-616
-568
-592
-584
-532
-548
-544
-568
-536
-544
-596
-616
-588
-588
-552
-548
-520
-524
-544
-596
-604
-592
-604
-568
-572
-564
-564
-540
-540
-552
-560
-596
-600
-572
-560
-568
-536
-540
-548
-572
-572
-584
-564
-584
-560
-560
-544
-500
-524
-544
-584
-596
-612
-564
-520
-532
-540
-532
-552
-532
-576
-568
-592
-556
-584
-548
-520
-520
-524
-548
-572
-592
-624
-608
-568
-524
-524
-520
-548
-552
-592
-632
-608
-572
-560
-524
-524
-536
-544
-524
-580
-612
-588
-560
-556
-540
-520
-536
-548
-524
-600
-612
-588
-580
-540
-572
-516
-484
-516
-540
-572
-568
-588
-620
-572
-560
-532
-544
-540
-544
-572
-596
-596
-596
-568
-532
-524
-524
-540
-540
-568
-596
-620
-592
-588
-552
-520
-500
-512
-528
-564
-592
-616
-592
-592
-568
-544
-536
-532
-564
-580
-592
-592
-576
-568
-568
-524
-536
-504
-560
-568
-588
-612
-600
-584
-564
-496
-532
-532
-540
-556
-588
-564
-592
-572
-548
-512
-504
-536
-552
-556
-600
-624
-636
-576
-564
-532
-488
-548
-552
-588
-592
-612
-612
-568
-580
-568
-476
-524
-540
-556
-624
-612
-572
-556
-548
-512
-520
-540
-548
-568
-592
-612
-612
-572
-548
-524
-524
-548
-548
-568
-572
-632
-604
-580
-512
-540
-500
-524
-540
-596
-608
-600
-572
-568
-560
-544
-516
-548
-568
-588
-600
-624
-592
-568
-540
-504
-524
-524
-548
-580
-616
-616
-596
-548
-532
-528
-528
-532
-524
-568
-604
-624
-620
-596
-548
-524
-500
-528
-564
-560
-604
-604
-576
-564
-540
-524
-492
-512
-568
-580
-568
-628
-584
-568
-520
-516
-556
-528
-568
-564
-616
-616
-576
-548
-548
-520
-516
-536
-532
-580
-616
-596
-588
-560
-540
-492
-492
-540
-568
-592
-612
-608
-592
-540
-528
-512
-548
-524
-548
-556
-596
-628
-600
-540
-536
-532
-532
-524
-588
-560
-596
-592
-592
-588
-548
-552
-544
-512
-564
-572
-588
-612
-588
-552
-540
-508
-524
-528
-552
-588
-600
-592
-612
-568
-540
-528
-536
-548
-556
-592
-592
-628
-572
-556
-552
-524
-544
-504
-548
-616
-600
-600
-592
-568
-536
-500
-524
-528
-564
-568
-624
-592
-620
-548
-564
-512
-532
-548
-564
-588
-576
-604
-592
-592
-528
-508
-492
-532
-572
-596
-616
-612
-540
-548
-532
-536
-524
-528
-576
-612
-600
-600
-592
-556
-504
-516
-492
-556
-560
-568
-608
-568
-556
-532
-512
-496
-504
-524
-584
-632
-592
-576
-588
-548
-548
-548
-516
-560
-568
-604
-584
-592
-592
-556
-536
-516
-516
-548
-592
-612
-588
-572
-580
-544
-540
-480
-524
-528
-572
-592
-600
-592
-540
-532
-540
-504
-524
-564
-568
-596
-660
-628
-616
-532
-520
-488
-516
-568
-596
-600
-580
-568
-560
-544
-548
-532
-500
-540
-568
-588
-620
-604
-580
-516
-516
-516
-548
-568
-580
-592
-588
-600
-580
-568
-500
-516
-504
-516
-552
-624
-588
-572
-528
-532
-520
-520
-504
-532
-580
-604
-584
-596
-592
-568
-524
-548
-496
-564
-588
-624
-596
-592
-592
-548
-500
-512
-556
-564
-588
-584
-580
-560
-568
-548
-532
-528
-524
-544
-604
-616
-616
-568
-556
-532
-564
-524
-544
-564
-580
-580
-568
-548
-592
-580
-548
-524
-560
-576
-584
-592
-600
-556
-556
-548
-560
-528
-532
-540
-556
-576
-592
-576
-576
-548
-516
-548
-548
-520
-596
-552
-584
-592
-548
-544
-504
-524
-528
-552
-592
-612
-596
-584
-584
-552
-512
-520
-556
-564
-600
-592
-552
-568
-548
-548
-512
-548
-548
-592
-568
-616
-596
-560
-568
-572
-540
-524
-556
-564
-588
-600
-584
-548
-576
-548
-520
-568
-568
-540
-576
-572
-588
-608
-560
-548
-544
-512
-528
-592
-576
-588
-584
-572
-568
-532
-524
-524
-552
-576
-532
-608
-564
-608
-564
-572
-552
-536
-532
-580
-580
-588
-588
-600
-584
-580
-548
-552
-548
-548
-552
-584
-584
-580
-560
-568
-544
-556
-564
-564
-564
-572
-588
-584
-532
-564
-568
-552
-512
-536
-572
-580
-580
-592
-564
-548
-588
-548
-532
-548
-608
-580
-612
-584
-560
-548
-568
-540
-556
-556
-564
-592
-616
-584
-580
-568
-540
-524
-536
-548
-592
-584
-556
-584
-568
-560
-552
-552
-564
-556
-564
-552
-584
-572
-524
-556
-552
-564
-568
-528
-568
-568
-568
-564
-596
-540
-544
-532
-524
-564
-584
-548
-540
-560
-584
-564
-540
-528
-532
-556
-568
-584
-612
-592
-592
-556
-548
-540
-544
-564
-572
-596
-596
-568
-580
-576
-548
-560
-568
-596
-580
-560
-596
-548
-580
-568
-568
-556
-548
-568
-584
-612
-532
-568
-568
-576
-572
-560
-548
-548
-580
-540
-600
-580
-580
-544
-540
-564
-560
-552
-536
-588
-560
-576
-584
-576
-548
-548
-576
-560
-588
-544
-548
-540
-568
-548
-548
-548
-552
-572
-616
-608
-592
-592
-568
-568
-552
-548
-568
-552
-548
-576
-580
-604
-572
-544
-568
-560
-580
-584
-604
-596
-584
-552
-596
-584
-552
-532
-544
-548
-572
-592
-584
-572
-580
-588
-548
-552
-568
-568
-528
-560
-592
-584
-588
-568
-544
-536
-524
-548
-568
-572
-560
-616
-580
-548
-536
-588
-540
-548
-556
-576
-584
-568
-580
-592
-564
-524
-540
-556
-564
-580
-588
-600
-584
-592
-564
-552
-544
-532
-548
-580
-568
-580
-592
-564
-548
-536
-516
-564
-572
-584
-596
-604
-580
-532
-568
-528
-536
-556
-556
-588
-620
-584
-584
-580
-548
-516
-524
-568
-580
-580
-584
-576
-556
-552
-564
-540
-528
-528
-576
-572
-592
-616
-580
-580
-552
-544
-544
-548
-548
-560
-604
-608
-588
-552
-556
-548
-552
-536
-576
-588
-592
-620
-592
-568
-528
-548
-548
-552
-552
-568
-552
-568
-584
-592
-548
-532
-540
-564
-568
-572
-568
-556
-568
-568
-568
-564
-560
-556
-552
-568
-624
-556
-564
-556
-548
-544
-536
-564
-564
-560
-568
-608
-600
-548
-516
-524
-536
-548
-548
-548
-592
-572
-572
-560
-568
-544
-556
-552
-588
-572
-572
-588
-568
-556
-568
-548
-516
-548
-576
-568
-596
-588
-584
-592
-560
-568
-560
-560
-552
-588
-588
-600
-560
-576
-524
-544
-556
-536
-584
-572
-568
-536
-576
-596
-564
-528
-532
-576
-572
-612
-588
-568
-580
-564
-544
-528
-524
-540
-580
-584
-600
-612
-564
-568
-516
-576
-544
-548
-548
-572
-604
-612
-592
-600
-556
-532
-524
-548
-560
-600
-568
-576
-592
-552
-548
-548
-548
-568
-568
-588
-604
-616
-576
-532
-552
-524
-548
-548
-568
-616
-632
-584
-568
-592
-548
-544
-544
-524
-568
-600
-596
-584
-576
-544
-536
-592
-500
-548
-568
-584
-636
-616
-608
-576
-524
-540
-588
-552
-536
-568
-608
-588
-576
-536
-544
-540
-524
-560
-552
-612
-592
-616
-568
-572
-500
-540
-532
-568
-592
-572
-612
-592
-568
-584
-520
-536
-544
-596
-592
-580
-596
-580
-552
-528
-520
-528
-568
-556
-560
-588
-596
-588
-556
-552
-556
-516
-568
-588
-568
-580
-592
-600
-568
-564
-524
-560
-556
-576
-568
-564
-580
-620
-576
-552
-524
-536
-544
-548
-564
-568
-584
-584
-592
-564
-528
-572
-548
-556
-584
-568
-596
-592
-592
-564
-552
-544
-528
-568
-568
-612
-616
-572
-548
-516
-516
-588
-564
-568
-568
-548
-592
-588
-580
-576
-544
-536
-544
-568
-612
-588
-568
-592
-600
-564
-548
-528
-516
-572
-600

