-312
-396
-524
-528
-488
-344
-116
24
32
-116
-496
-956
-1280
-1180
-632
52
732
936
736
-32
-1012
-1800
-1784
-1612
-896
436
1152
1076
916
-24
-1076
-1776
-1736
-1320
-404
368
816
752
344
-276
-908
-1440
-1580
-1196
-484
332
964
992
856
232
-1148
-2008
-1812
-1680
-1444
672
1256
1108
912
776
-908
-1976
-1868
-1724
-1492
336
1200
1116
948
764
-488
-2080
-1928
-1664
-1528
308
1152
1092
920
748
-868
-1976
-1888
-1652
-1452
868
1068
1000
816
672
-1540
-1884
-1796
-1640
-1380
892
1164
1020
872
632
-1268
-2032
-1824
-1648
-1432
316
1188
1020
908
752
-492
-1884
-1840
-1688
-1532
-288
1072
1088
952
804
-240
-1968
-1872
-1708
-1520
64
1200
1068
920
744
-956
-1988
-1796
-1632
-1452
624
1236
1044
872
700
-1276
-2000
-1780
-1656
-1492
520
1256
1084
920
756
-740
-2064
-1888
-1680
-1488
112
1296
1108
936
764
-488
-2072
-1884
-1656
-1508
248
1224
1096
928
756
-884
-1996
-1864
-1668
-1500
788
1116
1044
900
732
-1408
-1880
-1832
-1636
-1476
1124
1068
1008
864
716
-1664
-1880
-1808
-1676
-1452
1228
1052
1044
856
688
-1720
-1840
-1816
-1612
-1432
1260
1088
1000
876
716
-1724
-1868
-1800
-1652
-1408
1240
1096
1008
904
700
-1664
-1844
-1812
-1632
-1448
1136
1088
1016
900
712
-1432
-1892
-1856
-1648
-1480
952
1124
1012
892
728
-1140
-1928
-1848
-1672
-1484
724
1136
1076
928
772
-1040
-1928
-1868
-1672
-1496
728
1136
1084
896
712
-1144
-1928
-1860
-1676
-1476
828
1092
1076
880
676
-1344
-1884
-1832
-1668
-1484
972
1140
1064
904
720
-1416
-1908
-1840
-1680
-1452
956
1136
1040
884
740
-1272
-1912
-1832
-1668
-1468
780
1068
1040
924
744
-1088
-1952
-1852
-1636
-1488
632
1152
1064
916
748
-924
-1960
-1892
-1640
-1500
492
1156
1100
904
740
-772
-2024
-1884
-1668
-1476
348
1184
1112
908
732
-704
-2060
-1872
-1652
-1528
372
1156
1096
928
724
-832
-2000
-1864
-1688
-1516
588
1164
1092
900
748
-1100
-1920
-1852
-1656
-1500
840
1132
1064
920
700
-1376
-1884
-1808
-1636
-1472
980
1108
1040
892
732
-1576
-1840
-1816
-1636
-1444
1096
1128
1016
860
700
-1744
-1856
-1776
-1640
-1388
1180
1140
1048
860
676
-1844
-1836
-1776
-1628
-1432
1228
1136
1032
884
708
-1848
-1820
-1804
-1608
-1420
1176
1156
1032
860
688
-1712
-1848
-1776
-1612
-1416
936
1132
1072
896
724
-1316
-1912
-1848
-1644
-1476
636
1184
1080
928
740
-1060
-1940
-1860
-1656
-1468
512
1200
1080
932
764
-1024
-1992
-1848
-1624
-1452
492
1212
1108
900
732
-1116
-1952
-1816
-1636
-1452
596
1200
1108
916
724
-1292
-1928
-1804
-1636
-1468
716
1204
1080
896
724
-1272
-1888
-1812
-1604
-1476
616
1200
1108
900
744
-1140
-1944
-1816
-1636
-1484
496
1192
1080
928
748
-1068
-1944
-1836
-1612
-1496
564
1176
1108
936
732
-1248
-1900
-1792
-1660
-1436
792
1152
1028
904
724
-1484
-1864
-1816
-1636
-1444
928
1148
1044
896
724
-1544
-1864
-1800
-1620
-1448
884
1160
1052
888
712
-1456
-1912
-1796
-1632
-1436
792
1200
1056
896
696
-1388
-1904
-1816
-1624
-1452
720
1208
1080
904
740
-1300
-1920
-1848
-1636
-1472
648
1192
1084
872
748
-1180
-1944
-1820
-1624
-1464
524
1212
1092
932
736
-1020
-1956
-1840
-1636
-1472
432
1192
1124
936
756
-996
-1964
-1844
-1664
-1476
492
1168
1100
940
764
-1092
-1940
-1832
-1640
-1468
584
1180
1112
916
744
-1092
-1944
-1864
-1668
-1480
572
1204
1108
892
708
-1088
-1924
-1852
-1640
-1476
588
1200
1084
908
724
-1168
-1928
-1840
-1668
-1484
700
1172
1060
876
724
-1324
-1928
-1844
-1656
-1452
772
1152
1088
904
744
-1392
-1920
-1788
-1652
-1452
756
1180
1056
872
768
-1236
-1928
-1832
-1632
-1468
568
1212
1104
928
748
-1060
-1972
-1840
-1632
-1468
448
1212
1096
912
736
-856
-2004
-1872
-1628
-1500
268
1244
1136
912
756
-660
-2044
-1884
-1692
-1476
100
1272
1128
928
764
-540
-2088
-1896
-1680
-1508
80
1308
1124
928
732
-580
-2048
-1888
-1672
-1484
128
1268
1112
936
732
-636
-2044
-1868
-1648
-1484
208
1244
1116
956
792
-708
-2056
-1884
-1652
-1500
224
1236
1112
900
756
-660
-2008
-1876
-1656
-1512
160
1240
1108
924
788
-524
-2076
-1896
-1672
-1500
20
1284
1144
940
752
-500
-2084
-1884
-1676
-1516
108
1240
1100
932
768
-704
-2032
-1860
-1640
-1500
348
1220
1088
952
736
-916
-2012
-1900
-1672
-1496
540
1180
1048
916
724
-968
-1952
-1848
-1640
-1484
456
1180
1092
900
724
-932
-2000
-1848
-1636
-1496
416
1200
1088
904
748
-840
-1992
-1864
-1684
-1464
292
1200
1088
884
744
-712
-2024
-1892
-1656
-1528
192
1260
1092
880
728
-604
-2064
-1892
-1668
-1512
44
1268
1156
916
776
-528
-2080
-1868
-1672
-1504
-16
1320
1116
904
784
-432
-2088
-1884
-1688
-1516
-100
1352
1148
936
784
-396
-2120
-1880
-1652
-1512
-152
1328
1148
960
792
-364
-2144
-1892
-1644
-1504
-164
1336
1132
944
784
-332
-2160
-1900
-1680
-1516
-176
1328
1112
904
772
-348
-2120
-1892
-1680
-1476
-52
1316
1156
928
760
-508
-2044
-1908
-1696
-1500
116
1312
1104
968
772
-700
-2036
-1860
-1680
-1496
216
1268
1132
936
744
-664
-2052
-1872
-1656
-1476
120
1292
1124
912
736
-572
-2076
-1888
-1640
-1504
44
1300
1112
952
748
-480
-2116
-1860
-1640
-1516
-80
1320
1092
928
768
-364
-2148
-1904
-1700
-1476
-176
1360
1120
892
772
-312
-2164
-1868
-1692
-1520
-224
1364
1132
936
748
-276
-2160
-1900
-1704
-1508
-180
1336
1148
900
764
-392
-2108
-1868
-1664
-1500
-80
1312
1104
916
772
-424
-2096
-1860
-1680
-1500
-48
1332
1156
972
776
-432
-2088
-1876
-1648
-1512
-124
1300
1160
920
760
-372
-2112
-1864
-1664
-1488
-40
1288
1120
940
780
-432
-2104
-1916
-1628
-1496
28
1308
1096
932
768
-592
-2080
-1856
-1660
-1516
196
1232
1112
928
716
-732
-2016
-1872
-1656
-1500
284
1268
1088
932
780
-748
-2016
-1860
-1644
-1488
204
1236
1112
948
748
-640
-2068
-1896
-1648
-1500
124
1268
1140
884
776
-576
-2044
-1876
-1668
-1500
104
1304
1116
928
780
-576
-2072
-1908
-1672
-1520
44
1284
1120
936
792
-480
-2080
-1900
-1660
-1520
-32
1288
1132
900
764
-456
-2112
-1904
-1656
-1516
-36
1320
1124
904
792
-496
-2096
-1908
-1672
-1508
4
1292
1096
948
776
-516
-2112
-1876
-1648
-1504
-8
1308
1108
928
768
-432
-2116
-1880
-1684
-1496
-68
1312
1132
940
804
-412
-2132
-1876
-1660
-1488
-28
1300
1156
916
764
-528
-2112
-1872
-1656
-1520
92
1280
1092
928
724
-676
-2040
-1876
-1656
-1516
240
1244
1112
904
736
-716
-2004
-1860
-1676
-1488
204
1272
1120
904
760
-632
-2084
-1896
-1644
-1508
108
1268
1108
900
744
-544
-2108
-1900
-1656
-1516
20
1312
1112
928
736
-392
-2068
-1860
-1696
-1520
-80
1324
1120
936
752
-376
-2116
-1888
-1664
-1484
-120
1352
1108
924
764
-296
-2148
-1908
-1656
-1500
-252
1352
1124
924
756
-232
-2156
-1904
-1688
-1524
-296
1356
1144
928
768
-248
-2176
-1912
-1656
-1520
-252
1340
1148
964
776
-280
-2140
-1920
-1660
-1540
-232
1368
1156
936
752
-204
-2208
-1920
-1676
-1488
-336
1348
1144
980
780
-112
-2200
-1844
-1684
-1508
-280
1384
1136
932
744
-264
-2128
-1872
-1664
-1524
-156
1348
1168
920
788
-384
-2124
-1896
-1672
-1492
-72
1312
1124
948
756
-372
-2128
-1864
-1680
-1504
-116
1304
1132
956
776
-312
-2148
-1924
-1704
-1496
-160
1332
1172
904
736
-256
-2172
-1900
-1660
-1484
-256
1352
1160
940
792
-140
-2228
-1888
-1648
-1500
-380
1364
1116
952
780
-100
-2220
-1908
-1644
-1496
-416
1376
1132
932
804
-52
-2208
-1916
-1700
-1512
-452
1440
1168
908
752
-72
-2224
-1880
-1676
-1528
-400
1416
1180
928
752
-92
-2196
-1908
-1680
-1504
-372
1384
1140
928
792
-112
-2224
-1884
-1680
-1520
-360
1420
1144
928
776
-100
-2240
-1888
-1640
-1536
-432
1420
1156
920
768
-36
-2240
-1920
-1672
-1556
-392
1380
1116
936
760
-196
-2180
-1896
-1676
-1516
-168
1308
1168
936
780
-396
-2124
-1880
-1672
-1500
-44
1260
1124
924
764
-480
-2080
-1884
-1684
-1480
-36
1304
1112
936
768
-412
-2096
-1892
-1676
-1472
-76
1296
1140
916
744
-368
-2116
-1900
-1684
-1500
-100
1324
1108
924
768
-376
-2140
-1904
-1672
-1520
-228
1356
1140
964
796
-284
-2144
-1908
-1680
-1520
-240
1356
1132
932
808
-228
-2180
-1884
-1660
-1520
-228
1344
1128
904
748
-284
-2168
-1884
-1716
-1516
-252
1340
1132
944
768
-260
-2140
-1888
-1628
-1500
-256
1348
1144
936
748
-236
-2176
-1888
-1672
-1532
-284
1312
1140
896
784
-228
-2156
-1900
-1660
-1520
-260
1368
1120
912
776
-288
-2136
-1892
-1648
-1536
-136
1348
1160
976
788
-440
-2080
-1908
-1632
-1500
36
1292
1144
952
780
-532
-2064
-1880
-1652
-1512
84
1300
1172
920
788
-464
-2096
-1896
-1684
-1496
-4
1336
1128
920
780
-376
-2116
-1868
-1652
-1524
-132
1364
1144
932
768
-332
-2136
-1884
-1696
-1500
-176
1324
1176
944
796
-320
-2144
-1904
-1672
-1480
-192
1348
1148
904
776
-276
-2172
-1908
-1672
-1504
-256
1360
1164
920
784
-276
-2184
-1908
-1656
-1496
-228
1360
1144
928
792
-280
-2132
-1920
-1684
-1488
-188
1328
1140
896
772
-272
-2144
-1884
-1680
-1488
-208
1336
1132
976
768
-232
-2148
-1880
-1644
-1508
-252
1364
1176
900
748
-212
-2168
-1908
-1652
-1520
-208
1364
1136
924
744
-284
-2128
-1884
-1696
-1512
-72
1320
1156
916
792
-444
-2104
-1888
-1656
-1480
40
1316
1144
924
768
-452
-2068
-1892
-1624
-1476
-12
1264
1124
936
760
-432
-2096
-1892
-1676
-1492
-52
1292
1140
928
760
-396
-2112
-1868
-1652
-1516
-100
1324
1156
952
780
-296
-2152
-1904
-1680
-1480
-156
1320
1160
932
792
-324
-2132
-1884
-1632
-1488
-220
1360
1156
936
792
-228
-2188
-1860
-1644
-1476
-288
1376
1160
960
780
-184
-2204
-1884
-1652
-1524
-264
1404
1164
948
800
-196
-2176
-1860
-1656
-1512
-244
1368
1184
944
816
-272
-2144
-1880
-1660
-1500
-244
1368
1176
920
768
-212
-2148
-1896
-1680
-1500
-288
1404
1156
928
784
-168
-2164
-1872
-1668
-1524
-252
1380
1140
928
760
-312
-2132
-1876
-1652
-1484
-52
1292
1108
920
748
-484
-2072
-1888
-1664
-1476
88
1272
1140
904
748
-544
-2080
-1880
-1692
-1468
76
1288
1108
952
756
-492
-2064
-1912
-1680
-1484
4
1300
1156
944
740
-388
-2080
-1904
-1660
-1516
-76
1328
1136
952
756
-340
-2108
-1876
-1652
-1468
-176
1340
1160
948
804
-316
-2132
-1896
-1640
-1480
-168
1360
1168
932
776
-320
-2152
-1868
-1636
-1504
-216
1344
1128
944
780
-304
-2132
-1864
-1636
-1496
-208
1352
1132
940
748
-308
-2112
-1884
-1672
-1500
-80
1336
1156
908
768
-324
-2128
-1864
-1656
-1528
-184
1344
1148
940
768
-284
-2136
-1880
-1656
-1488
-232
1364
1172
932
772
-256
-2144
-1868
-1652
-1476
-160
1336
1156
928
792
-412
-2104
-1884
-1668
-1476
28
1312
1148
892
752
-604
-2064
-1872
-1656
-1488
172
1292
1148
948
756
-656
-2020
-1880
-1636
-1468
128
1276
1124
904
768
-552
-2048
-1864
-1680
-1504
40
1280
1132
924
780
-456
-2096
-1884
-1688
-1496
-64
1308
1152
964
772
-408
-2104
-1884
-1684
-1508
-116
1340
1152
924
748
-328
-2124
-1868
-1680
-1496
-156
1356
1108
928
748
-308
-2124
-1880
-1664
-1508
-208
1376
1144
936
768
-296
-2148
-1868
-1640
-1500
-220
1340
1148
948
784
-296
-2132
-1920
-1656
-1504
-200
1340
1152
952
788
-228
-2148
-1916
-1676
-1504
-248
1348
1156
924
788
-208
-2156
-1908
-1648
-1504
-236
1376
1124
948
796
-304
-2164
-1884
-1664
-1520
-104
1336
1112
972
808
-428
-2108
-1856
-1680
-1520
-16
1292
1160
932
736
-516
-2064
-1876
-1648
-1496
64
1292
1156
952
780
-460
-2092
-1904
-1656
-1500
-48
1296
1140
940
788
-340
-2112
-1884
-1656
-1484
-140
1340
1160
932
780
-296
-2156
-1888
-1676
-1500
-152
1360
1156
932
804
-312
-2132
-1896
-1648
-1484
-180
1348
1132
904
768
-248
-2160
-1908
-1656
-1520
-252
1388
1148
940
748
-216
-2164
-1876
-1656
-1520
-244
1356
1172
956
780
-260
-2136
-1892
-1668
-1496
-220
1360
1136
928
792
-248
-2144
-1884
-1624
-1520
-228
1380
1156
952
756
-200
-2152
-1912
-1656
-1512
-304
1412
1144
916
796
-204
-2188
-1868
-1636
-1496
-220
1356
1140
936
796
-292
-2152
-1880
-1636
-1476
-104
1316
1156
952
748
-436
-2104
-1876
-1652
-1496
-16
1300
1124
940
772
-432
-2092
-1876
-1660
-1472
-36
1304
1156
940
796
-440
-2112
-1888
-1640
-1464
-16
1292
1116
928
780
-400
-2124
-1884
-1680
-1504
-92
1328
1136
932
800
-340
-2120
-1888
-1688
-1516
-164
1404
1156
968
756
-312
-2172
-1868
-1648
-1476
-232
1356
1160
976
768
-200
-2140
-1888
-1652
-1504
-296
1372
1132
952
780
-208
-2144
-1884
-1664
-1512
-276
1408
1176
948
788
-208
-2180
-1888
-1632
-1508
-196
1380
1132
936
792
-256
-2172
-1888
-1680
-1480
-216
1372
1160
904
788
-188
-2156
-1892
-1652
-1512
-328
1372
1164
928
808
-140
-2180
-1880
-1636
-1496
-224
1376
1152
964
772
-336
-2120
-1876
-1660
-1508
-76
1328
1132
928
764
-500
-2048
-1876
-1676
-1480
68
1304
1132
944
792
-536
-2076
-1880
-1652
-1472
44
1252
1156
940
756
-512
-2088
-1864
-1664
-1476
-8
1324
1132
928
788
-420
-2124
-1856
-1656
-1520
-72
1356
1152
948
768
-324
-2120
-1900
-1624
-1488
-140
1320
1128
928
772
-328
-2136
-1892
-1640
-1508
-184
1336
1124
940
784
-264
-2156
-1908
-1688
-1500
-252
1364
1132
920
756
-232
-2160
-1904
-1652
-1500
-248
1336
1156
944
784
-244
-2180
-1912
-1644
-1488
-204
1344
1156
884
780
-260
-2124
-1892
-1656
-1536
-208
1372
1172
940
788
-252
-2168
-1908
-1636
-1488
-264
1348
1132
924
796
-200
-2148
-1908
-1672
-1496
-228
1336
1144
948
800
-328
-2120
-1900
-1676
-1492
-4
1280
1120
944
784
-508
-2068
-1880
-1712
-1524
100
1268
1156
936
764
-516
-2068
-1888
-1652
-1560
36
1308
1108
932
804
-464
-2096
-1908
-1684
-1484
-8
1280
1132
916
768
-412
-2092
-1852
-1660
-1480
-60
1320
1108
904
796
-364
-2112
-1868
-1652
-1476
-148
1340
1148
948
768
-308
-2128
-1888
-1652
-1464
-184
1364
1132
944
752
-228
-2180
-1920
-1656
-1528
-252
1388
1160
956
800
-252
-2120
-1864
-1640
-1492
-188
1360
1144
912
756
-296
-2180
-1880
-1692
-1532
-208
1348
1164
952
748
-228
-2156
-1896
-1636
-1524
-268
1352
1192
952
764
-248
-2156
-1924
-1668
-1468
-208
1356
1176
944
772
-284
-2128
-1876
-1656
-1520
-104
1332
1120
944
780
-412
-2088
-1880
-1636
-1500
48
1328
1152
952
744
-556
-2064
-1872
-1660
-1520
68
1264
1172
928
780
-496
-2088
-1888
-1684
-1472
-24
1308
1128
900
796
-372
-2112
-1904
-1704
-1512
-116
1360
1140
928
768
-320
-2144
-1904
-1664
-1520
-124
1328
1124
900
760
-328
-2156
-1852
-1656
-1516
-196
1328
1160
948
756
-300
-2128
-1880
-1688
-1488
-216
1356
1128
952
776
-280
-2140
-1876
-1664
-1528
-192
1344
1116
948
772
-296
-2152
-1860
-1640
-1476
-176
1336
1164
944
788
-320
-2132
-1888
-1696
-1504
-180
1376
1180
940
752
-260
-2180
-1884
-1668
-1500
-208
1388
1184
904
788
-236
-2180
-1884
-1652
-1512
-184
1376
1152
916
780
-336
-2116
-1888
-1656
-1492
-84
1312
1144
924
764
-480
-2060
-1904
-1636
-1472
24
1268
1128
956
772
-512
-2100
-1880
-1648
-1476
0
1288
1156
932
740
-456
-2044
-1900
-1652
-1508
20
1268
1160
956
732
-492
-2096
-1884
-1672
-1492
-60
1320
1160
924
760
-360
-2128
-1876
-1644
-1520
-152
1296
1136
928
772
-360
-2136
-1892
-1672
-1512
-160
1332
1176
940
756
-276
-2088
-1852
-1656
-1524
-236
1376
1156
940
768
-244
-2168
-1884
-1688
-1520
-264
1384
1108
940
796
-268
-2168
-1868
-1640
-1492
-200
1348
1136
952
760
-308
-2172
-1908
-1672
-1528
-236
1348
1168
908
796
-240
-2180
-1908
-1664
-1524
-272
1384
1156
928
808
-180
-2156
-1896
-1660
-1520
-244
1360
1148
944
796
-364
-2144
-1900
-1680
-1520
-36
1304
1116
936
764
-520
-2048
-1848
-1656
-1508
84
1276
1124
972
776
-544
-2064
-1908
-1656
-1508
52
1288
1144
924
764
-440
-2076
-1912
-1636
-1512
0
1312
1148
904
760
-400
-2076
-1884
-1656
-1512
-124
1328
1152
920
788
-324
-2156
-1888
-1660
-1516
-176
1348
1132
940
772
-280
-2148
-1864
-1656
-1532
-252
1356
1168
928
788
-216
-2184
-1892
-1692
-1528
-296
1380
1188
928
776
-208
-2184
-1876
-1664
-1524
-304
1368
1160
924
768
-220
-2180
-1908
-1672
-1516
-256
1372
1176
936
748
-212
-2180
-1884
-1676
-1524
-276
1376
1144
956
756
-168
-2168
-1884
-1668
-1516
-328
1368
1156
948
792
-140
-2172
-1896
-1684
-1492
-280
1360
1156
928
776
-304
-2160
-1880
-1680
-1484
-124
1276
1144
932
760
-420
-2132
-1888
-1636
-1504
-20
1288
1128
920
756
-472
-2068
-1892
-1688
-1464
-40
1296
1156
940
792
-416
-2108
-1900
-1680
-1484
-72
1316
1172
928
764
-352
-2136
-1876
-1660
-1500
-172
1356
1128
964
792
-320
-2132
-1908
-1688
-1496
-216
1372
1140
924
768
-252
-2180
-1892
-1620
-1484
-276
1376
1156
920
772
-220
-2184
-1872
-1656
-1516
-288
1356
1140
904
756
-252
-2144
-1892
-1680
-1516
-224
1332
1160
904
768
-256
-2164
-1908
-1660
-1516
-264
1332
1156
932
764
-208
-2208
-1892
-1664
-1528
-316
1388
1152
936
784
-168
-2200
-1888
-1704
-1484
-280
1360
1148
960
752
-264
-2152
-1896
-1680
-1500
-152
1344
1132
936
772
-416
-2112
-1876
-1680
-1500
-24
1304
1140
940
776
-480
-2096
-1928
-1684
-1532
24
1268
1152
932
760
-460
-2124
-1880
-1680
-1516
-92
1296
1172
928
776
-352
-2140
-1884
-1632
-1516
-160
1332
1136
912
768
-300
-2164
-1908
-1664
-1492
-164
1328
1132
924
736
-272
-2160
-1884
-1668
-1508
-244
1364
1156
932
772
-264
-2128
-1884
-1660
-1504
-228
1348
1164
956
788
-236
-2160
-1884
-1652
-1512
-240
1372
1140
948
792
-296
-2156
-1884
-1668
-1500
-216
1352
1160
948
752
-268
-2136
-1880
-1652
-1532
-248
1384
1156
944
752
-252
-2160
-1904
-1688
-1516
-268
1388
1148
952
792
-204
-2196
-1912
-1660
-1528
-212
1352
1164
952
744
-280
-2120
-1864
-1660
-1496
-72
1312
1124
928
760
-456
-2068
-1884
-1656
-1488
0
1308
1116
916
764
-480
-2064
-1892
-1680
-1532
4
1284
1112
928
768
-448
-2096
-1888
-1680
-1500
-12
1324
1128
916
776
-460
-2080
-1868
-1656
-1488
-76
1332
1152
936
784
-380
-2156
-1908
-1636
-1480
-168
1336
1108
932
768
-320
-2180
-1888
-1680
-1528
-200
1348
1128
956
776
-292
-2160
-1868
-1664
-1516
-220
1356
1152
908
784
-232
-2172
-1908
-1644
-1528
-264
1376
1152
960
796
-268
-2180
-1880
-1656
-1504
-256
1372
1132
976
792
-280
-2124
-1904
-1656
-1512
-236
1344
1124
944
796
-220
-2188
-1900
-1696
-1496
-300
1380
1172
920
764
-196
-2192
-1900
-1664
-1524
-228
1380
1144
908
768
-320
-2116
-1884
-1688
-1524
-48
1292
1156
920
764
-484
-2104
-1864
-1652
-1500
28
1260
1144
928
776
-520
-2064
-1884
-1656
-1488
-24
1292
1148
924
776
-424
-2076
-1888
-1656
-1500
-64
1308
1128
944
764
-388
-2136
-1900
-1652
-1492
-140
1340
1128
940
772
-284
-2132
-1904
-1644
-1476
-220
1344
1156
916
784
-260
-2160
-1880
-1680
-1520
-220
1368
1136
904
768
-212
-2144
-1908
-1680
-1540
-320
1372
1148
956
756
-192
-2188
-1880
-1656
-1512
-280
1380
1156
952
776
-212
-2184
-1900
-1680
-1488
-224
1352
1136
924
764
-252
-2180
-1912
-1644
-1492
-252
1360
1168
932
760
-192
-2184
-1876
-1664
-1532
-324
1376
1184
944
792
-168
-2200
-1884
-1676
-1500
-276
1368
1140
932
776
-280
-2144
-1916
-1688
-1484
-76
1320
1144
956
764
-460
-2092
-1900
-1628
-1484
48
1288
1116
944
800
-500
-2064
-1880
-1668
-1488
16
1304
1116
912
780
-424
-2084
-1892
-1660
-1484
-36
1288
1168
916
748
-388
-2128
-1864
-1700
-1520
-156
1324
1108
928
748
-296
-2132
-1896
-1668
-1504
-200
1368
1168
960
744
-236
-2148
-1876
-1644
-1508
-280
1352
1148
972
816
-172
-2176
-1916
-1652
-1500
-320
1412
1164
920
740
-148
-2196
-1900
-1676
-1520
-336
1404
1172
904
764
-184
-2196
-1896
-1656
-1516
-272
1388
1172
932
792
-184
-2180
-1924
-1692
-1536
-272
1372
1180
888
764
-208
-2180
-1892
-1688
-1520
-332
1404
1156
924
752
-168
-2204
-1904
-1652
-1504
-280
1384
1132
932
760
-260
-2172
-1876
-1624
-1500
-112
1316
1140
944
784
-428
-2096
-1876
-1656
-1500
-40
1300
1140
952
788
-480
-2092
-1876
-1656
-1484
-28
1312
1164
904
788
-412
-2088
-1860
-1668
-1464
-112
1304
1144
948
764
-348
-2144
-1884
-1688
-1500
-184
1368
1132
936
748
-276
-2152
-1900
-1680
-1492
-264
1348
1168
928
796
-212
-2184
-1880
-1656
-1488
-296
1380
1164
944
780
-184
-2160
-1884
-1680
-1500
-344
1416
1176
924
756
-228
-2204
-1924
-1616
-1504
-256
1352
1160
928
772
-212
-2168
-1908
-1664
-1508
-296
1368
1148
952
780
-152
-2204
-1908
-1652
-1540
-364
1380
1148
940
816
-140
-2208
-1884
-1680
-1516
-312
1368
1184
932
792
-216
-2144
-1908
-1672
-1480
-160
1352
1180
912
784
-344
-2132
-1896
-1696
-1492
-52
1300
1136
928
748
-400
-2084
-1896
-1696
-1540
-60
1288
1124
940
772
-404
-2080
-1900
-1660
-1512
-88
1352
1176
952
744
-384
-2112
-1868
-1668
-1472
-160
1320
1176
944
784
-248
-2120
-1916
-1656
-1500
-252
1348
1128
936
788
-252
-2176
-1908
-1652
-1496
-272
1364
1156
952
772
-180
-2164
-1864
-1656
-1524
-312
1404
1136
940
780
-144
-2196
-1884
-1668
-1500
-308
1400
1132
924
772
-148
-2224
-1884
-1680
-1532
-296
1388
1156
976
740
-200
-2168
-1884
-1668
-1516
-312
1360
1176
924
788
-148
-2200
-1912
-1664
-1500
-380
1408
1184
920
776
-132
-2216
-1884
-1660
-1480
-348
1400
1184
928
748
-236
-2188
-1928
-1676
-1488
-120
1332
1164
928
756
-476
-2088
-1908
-1672
-1496
124
1284
1152
920
744
-840
-2012
-1856
-1676
-1492
428
1244
1108
904
748
-1024
-1972
-1820
-1624
-1492
184
1252
1100
928
792
-568
-2076
-1848
-1632
-1496
-344
1352
1100
968
772
-140
-2156
-1848
-1644
-1488
-332
1312
1076
904
816
-620
-2036
-1816
-1624
-1440
276
996
1044
792
-136
-844
-1268
-1260
-868
-408
-48
-20
-164
-388
-528
-500
-320
-168
-160
-180
-388
-516
-520
-372
-220
-112
-180
-460
-772
-896
-760
-264
340
656
568
64
-772
-1676
-1704
-1532
-784
700
1284
1080
888
16
-1828
-1796
-1676
-1528
-100
1224
1128
964
796
-972
-1956
-1756
-1648
-1400
612
1236
1064
916
564
-1476
-1932
-1728
-1608
-1272
632
1224
1064
912
652
-1196
-1952
-1748
-1628
-1376
240
1032
1044
896
628
-884
-1704
-1772
-1680
-1060
112
788
876
520
-156
-820
-1312
-1356
-972
-352
160
408
272
-68
-472
-728
-828
-728
-480
-216
-108
-116
-252
-376
-372
-344
-252
-264
-328
-480
-652
-676
-584
-320
-56
112
116
-172
-500
-844
-1024
-980
-608
-164
248
448
236
-152
-648
-1092
-1208
-1000
-536
36
460
512
208
-324
-828
-1200
-1224
-908
-336
232
540
468
92
-472
-1000
-1260
-1164
-812
-288
196
476
428
104
-380
-880
-1184
-1160
-836
-412
88
364
352
96
-292
-728
-972
-1020
-812
-464
-148
180
248
64
-208
-528
-780
-884
-760
-544
-220
-8
84
32
-208
-436
-660
-780
-728
-532
-336
-120
76
24
-160
-392
-632
-776
-772
-608
-300
-36
124
88
-112
-460
-748
-908
-820
-564
-212
60
212
124
-184
-500
-776
-856
-800
-548
-232
44
156
60
-184
-488
-696
-852
-756
-564
-316
-72
60
4
-172
-420
-604
-752
-724
-576
-380
-140
4
4
-128
-312
-536
-672
-756
-696
-488
-236
0
124
88
-140
-452
-732
-932
-908
-664
-312
100
272
224
-36
-404
-812
-1040
-996
-696
-244
140
344
232
-128
-560
-944
-1084
-848
-456
-24
276
284
28
-392
-796
-1004
-888
-552
-152
184
280
108
-328
-760
-1028
-976
-684
-272
140
340
236
-132
-588
-936
-1100
-908
-484
-68
264
312
136
-248
-656
-984
-1040
-876
-480
-48
252
288
116
-248
-628
-972
-1048
-868
-516
-68
256
320
140
-220
-660
-992
-1024
-860
-500
-92
220
248
44
-276
-636
-880
-896
-684
-372
-88
68
20
-156
-440
-640
-728
-620
-456
-288
-92
-20
-140
-288
-496
-632
-636
-548
-388
-248
-100
-92
-172
-308
-468
-612
-668
-576
-480
-276
-116
-52
-64
-204
-480
-688
-772
-744
-532
-244
0
128
36
-180
-492
-860
-1000
-900
-552
-116
224
316
176
-188
-624
-1020
-1092
-864
-480
0
292
292
88
-280
-712
-956
-996
-748
-416
-60
168
188
36
-292
-604
-848
-892
-756
-464
-180
40
128
20
-220
-480
-772
-888
-756
-504
-232
44
136
92
-164
-508
-800
-960
-820
-576
-228
112
204
172
-148
-548
-868
-1028
-888
-544
-92
188
288
112
-252
-636
-996
-1020
-776
-412
-32
276
276
80
-324
-744
-1024
-1028
-768
-344
8
272
196
-16
-308
-708
-928
-904
-708
-376
-96
112
112
-44
-320
-600
-824
-852
-688
-396
-108
84
80
-24
-296
-576
-808
-852
-736
-464
-152
52
124
12
-272
-556
-820
-864
-744
-456
-116
120
140
36
-252
-572
-808
-884
-752
-424
-116
96
136
-32
-312
-640
-804
-836
-664
-364
-108
56
100
-20
-308
-616
-796
-912
-712
-436
-104
108
164
20
-284
-620
-876
-956
-788
-432
-80
188
272
56
-276
-704
-956
-1044
-796
-372
32
296
272
12
-356
-776
-1052
-1024
-704
-312
88
276
252
-64
-432
-812
-1056
-972
-600
-248
120
252
204
-116
-500
-840
-1012
-920
-600
-224
124
248
152
-124
-548
-868
-992
-888
-568
-156
136
232
92
-240
-608
-884
-932
-784
-436
-96
152
204
60
-276
-628
-896
-904
-720
-380
-108
92
112
-32
-316
-592
-820
-800
-668
-416
-160
28
64
-92
-308
-556
-720
-728
-636
-432
-144
-4
20
-72
-252
-504
-728
-816
-728
-472
-224
16
72
-64
-292
-568
-732
-812
-680
-420
-172
8
24
-80
-312
-588
-724
-756
-612
-408
-160
4
0
-188
-364
-568
-680
-692
-568
-392
-204
-96
-68
-180
-348
-496
-636
-636
-560
-448
-252
-140
-72
-116
-276
-460
-616
-704
-584
-476
-264
-116
-28
-104
-252
-480
-636
-728
-644
-468
-196
-48
-20
-112
-300
-548
-716
-752
-632
-408
-184
-12
20
-96
-320
-568
-732
-776
-660
-368
-108
48
60
-116
-352
-636
-808
-768
-608
-364
-88
20
48
-120
-412
-644
-772
-780
-612
-388
-96
56
44
-124
-396
-656
-796
-816
-600
-348
-72
92
76
-44
-364
-704
-896
-844
-596
-320
-24
144
116
-92
-412
-744
-940
-892
-656
-240
76
196
144
-120
-468
-808
-976
-888
-584
-192
72
208
88
-168
-504
-820
-936
-820
-564
-192
112
180
76
-184
-520
-772
-908
-800
-568
-264
32
180
104
-140
-452
-796
-920
-860
-588
-268
40
176
124
-152
-468
-772
-968
-840
-576
-260
68
212
156
-144
-544
-840
-960
-864
-592
-232
104
216
112
-192
-500
-864
-932
-856
-580
-184
128
216
116
-196
-512
-836
-976
-888
-580
-224
92
232
140
-168
-524
-864
-968
-888
-548
-160
160
264
124
-152
-548
-872
-1016
-888
-532
-168
160
232
108
-196
-568
-852
-940
-844
-548
-160
136
232
96
-208
-556
-812
-916
-816
-520
-184
88
148
56
-208
-516
-752
-892
-816
-544
-252
60
156
116
-136
-448
-752
-892
-820
-600
-240
36
172
136
-116
-436
-736
-884
-812
-616
-252
20
180
88
-100
-484
-752
-932
-828
-564
-204
64
180
84
-144
-488
-780
-928
-828
-548
-228
20
156
92
-176
-464
-764
-884
-796
-568
-260
24
132
56
-180
-452
-692
-820
-784
-588
-296
-28
120
68
-184
-448
-684
-856
-820
-592
-252
-24
136
52
-124
-412
-680
-864
-836
-636
-300
4
132
68
-124
-432
-672
-840
-772
-580
-304
-48
116
64
-140
-452
-720
-832
-752
-592
-292
-4
52
52
-152
-432
-676
-840
-788
-564
-332
-20
116
68
-152
-428
-692
-832
-788
-624
-328
-40
112
68
-116
-420
-720
-828
-820
-608
-296
-8
96
20
-136
-420
-704
-844
-772
-548
-240
4
108
24
-156
-484
-704
-824
-764
-524
-232
-8
84
24
-180
-428
-716
-820
-728
-500
-216
-20
68
-36
-220
-452
-672
-796
-728
-548
-236
16
64
-16
-208
-468
-716
-796
-684
-500
-264
-8
56
0
-260
-480
-752
-820
-684
-496
-208
0
44
-28
-216
-488
-704
-784
-700
-444
-192
20
68
-52
-272
-524
-712
-784
-660
-432
-152
4
56
-80
-308
-528
-680
-748
-668
-432
-184
-16
68
-52
-244
-516
-688
-764
-712
-472
-188
-28
96
0
-276
-524
-756
-828
-692
-456
-148
52
108
-44
-272
-556
-792
-856
-684
-400
-116
100
136
-64
-292
-612
-796
-840
-680
-428
-120
68
120
-28
-296
-616
-812
-804
-676
-432
-156
88
120
-24
-320
-620
-840
-852
-676
-392
-104
100
88
4
-276
-616
-812
-864
-700
-416
-60
108
132
-52
-320
-604
-820
-832
-660
-384
-80
104
140
-48
-328
-632
-820
-856
-676
-364
-16
136
136
-60
-336
-648
-856
-856
-660
-364
-116
120
132
-56
-364
-664
-836
-852
-636
-332
-20
120
124
-64
-336
-692
-848
-880
-636
-352
-16
124
128
-52
-344
-668
-840
-856
-676
-328
-68
144
116
-96
-412
-684
-868
-804
-636
-328
-56
160
128
-92
-400
-688
-840
-796
-620
-292
-32
80
64
-96
-364
-672
-848
-816
-612
-320
-48
112
88
-116
-384
-664
-820
-816
-628
-344
-84
112
48
-92
-380
-660
-812
-816
-616
-352
-68
92
64
-92
-392
-648
-816
-812
-624
-360
-56
96
88
-104
-400
-648
-824
-800
-604
-344
-56
68
68
-116
-380
-648
-804
-772
-604
-336
-116
48
28
-116
-360
-616
-804
-756
-596
-364
-116
44
0
-132
-328
-620
-772
-752
-620
-352
-88
60
20
-104
-364
-616
-764
-768
-636
-372
-132
32
16
-104
-324
-572
-764
-748
-596
-344
-144
-32
4
-124
-356
-592
-748
-756
-604
-364
-108
0
-8
-148
-376
-592
-728
-708
-568
-380
-152
0
-16
-120
-352
-568
-684
-740
-620
-364
-160
4
12
-116
-372
-552
-704
-712
-556
-320
-132
-12
-36
-124
-344
-560
-700
-700
-588
-352
-108
-24
-16
-132
-328
-596
-720
-724
-552
-356
-160
-4
-28
-148
-336
-564
-708
-704
-572
-364
-116
0
-8
-128
-364
-564
-704
-712
-556
-324
-132
-44
-12
-180
-376
-580
-728
-688
-592
-364
-140
-44
-56
-128
-336
-588
-740
-664
-572
-352
-152
-12
-28
-140
-376
-568
-720
-636
-548
-344
-160
-56
-52
-168
-400
-592
-724
-668
-532
-328
-128
-68
-60
-184
-388
-604
-704
-656
-488
-316
-92
-24
-56
-184
-380
-580
-704
-668
-548
-280
-168
-24
-76
-196
-424
-580
-640
-648
-504
-324
-88
-4
-64
-216
-412
-636
-652
-636
-488
-308
-116
-32
-104
-244
-412
-636
-684
-616
-464
-236
-112
-16
-68
-268
-448
-636
-704
-588
-428
-260
-92
-20
-96
-228
-452
-632
-732
-640
-480
-264
-92
-36
-92
-264
-476
-620
-648
-600
-472
-320
-140
-32
-64
-260
-448
-620
-652
-632
-500
-284
-72
-36
-48
-232
-400
-616
-688
-656
-480
-272
-76
8
-72
-272
-412
-616
-696
-680
-472
-260
-48
-20
-84
-268
-436
-604
-700
-628
-484
-276
-88
-16
-84
-236
-460
-668
-660
-652
-452
-292
-104
-16
-52
-244
-480
-632
-704
-636
-464
-292
-116
-40
-92
-252
-432
-620
-660
-644
-468
-276
-80
-36
-52
-236
-456
-636
-704
-640
-464
-276
-52
-16
-72
-248
-480
-652
-704
-660
-424
-264
-124
-12
-52
-252
-452
-632
-716
-636
-480
-268
-144
-32
-72
-276
-472
-588
-700
-636
-468
-256
-104
-72
-92
-248
-396
-608
-672
-640
-480
-280
-128
-16
-80
-224
-448
-600
-660
-608
-468
-288
-144
-52
-92
-252
-456
-624
-676
-664
-476
-280
-120
-76
-144
-236
-456
-612
-672
-616
-444
-304
-104
-56
-120
-276
-420
-588
-640
-600
-488
-304
-140
-92
-104
-244
-424
-564
-636
-624
-500
-288
-132
-64
-112
-240
-428
-568
-620
-568
-468
-316
-156
-72
-128
-276
-412
-544
-656
-616
-472
-296
-140
-76
-152
-252
-424
-536
-628
-584
-440
-324
-152
-72
-152
-264
-384
-512
-624
-576
-448
-332
-160
-100
-136
-228
-416
-532
-592
-584
-492
-328
-176
-116
-136
-228
-412
-524
-596
-580
-448
-328
-200
-112
-116
-224
-388
-524
-604
-568
-484
-328
-204
-104
-104
-228
-356
-544
-596
-604
-468
-332
-200
-120
-140
-256
-372
-520
-592
-568
-480
-360
-188
-124
-156
-216
-368
-516
-604
-584
-500
-356
-228
-124
-144
-220
-364
-504
-616
-612
-484
-340
-172
-116
-116
-236
-380
-480
-608
-600
-464
-360
-192
-112
-124
-224
-368
-544
-600
-584
-484
-336
-172
-116
-184
-176
-396
-520
-600
-592
-484
-328
-200
-136
-128
-252
-400
-524
-568
-588
-460
-344
-176
-108
-124
-236
-348
-524
-616
-580
-488
-304
-192
-116
-128
-216
-412
-540
-600
-608
-508
-316
-196
-104
-140
-248
-392
-524
-648
-600
-480
-320
-176
-128
-152
-216
-408
-528
-600
-564
-460
-320
-200
-140
-148
-256
-412
-564
-584
-568
-464
-316
-180
-108
-160
-244
-392
-552
-616
-556
-432
-304
-172
-140
-116
-240
-360
-556
-612
-568
-448
-276
-176
-128
-132
-276
-408
-548
-628
-572
-420
-280
-172
-56
-152
-280
-412
-548
-612
-556
-448
-276
-140
-128
-188
-300
-456
-548
-608
-568
-416
-308
-140
-80
-160
-284
-452
-560
-616
-552
-464
-280
-152
-88
-180
-276
-416
-552
-616
-568
-436
-284
-152
-84
-144
-260
-448
-532
-620
-564
-464
-268
-184
-112
-160
-296
-444
-568
-624
-568
-456
-276
-132
-80
-124
-292
-412
-588
-616
-588
-444
-276
-160
-88
-148
-284
-416
-572
-644
-584
-440
-300
-144
-72
-132
-236
-432
-560
-572
-572
-480
-296
-156
-80
-120
-264
-436
-576
-612
-568
-436
-276
-120
-104
-144
-288
-460
-556
-620
-588
-468
-320
-156
-72
-144
-256
-456
-552
-608
-588
-436
-284
-140
-116
-140
-240
-436
-572
-616
-580
-468
-304
-144
-120
-128
-272
-432
-584
-608
-592
-420
-308
-160
-88
-128
-252
-424
-568
-600
-552
-452
-288
-160
-152
-112
-252
-392
-548
-656
-568
-448
-284
-140
-120
-136
-264
-420
-580
-652
-600
-424
-272
-156
-76
-160
-276
-416
-568
-624
-568
-444
-268
-140
-92
-140
-320
-436
-552
-612
-552
-456
-292
-172
-88
-124
-268
-412
-580
-612
-552
-456
-276
-124
-144
-184
-288
-408
-548
-608
-564
-456
-276
-156
-120
-176
-288
-432
-568
-592
-524
-456
-300
-156
-144
-164
-272
-448
-552
-580
-568
-452
-304
-160
-160
-156
-296
-412
-532
-584
-536
-440
-296
-180
-128
-128
-252
-428
-532
-600
-556
-416
-296
-196
-140
-196
-264
-380
-524
-612
-584
-444
-320
-208
-120
-188
-284
-440
-512
-584
-548
-432
-284
-172
-124
-160
-284
-444
-512
-552
-520
-416
-332
-180
-136
-184
-320
-436
-548
-568
-548
-404
-292
-196
-140
-168
-296
-440
-540
-556
-512
-412
-288
-180
-140
-184
-284
-444
-540
-552
-520
-424
-296
-188
-152
-192
-284
-404
-524
-548
-524
-420
-280
-196
-148
-180
-308
-388
-516
-592
-524
-408
-284
-224
-136
-184
-304
-404
-540
-576
-532
-428
-288
-164
-132
-228
-292
-420
-544
-568
-540
-400
-252
-176
-144
-184
-324
-440
-552
-560
-516
-404
-276
-180
-168
-212
-320
-432
-540
-588
-556
-444
-320
-160
-140
-176
-300
-444
-520
-556
-488
-412
-300
-164
-168
-200
-308
-416
-524
-560
-484
-424
-284
-160
-140
-204
-344
-456
-540
-576
-520
-404
-276
-176
-136
-196
-320
-464
-568
-572
-496
-392
-264
-156
-164
-220
-316
-480
-584
-572
-508
-408
-252
-180
-172
-224
-308
-468
-544
-576
-504
-420
-252
-172
-120
-232
-344
-424
-532
-560
-492
-412
-268
-164
-168
-224
-340
-440
-548
-560
-492
-376
-248
-180
-144
-212
-352
-480
-568
-552
-496
-364
-296
-152
-140
-216
-328
-444
-544
-596
-508
-372
-276
-164
-160
-220
-332
-460
-548
-568
-524
-392
-260
-180
-140
-208
-312
-468
-536
-560
-520
-388
-256
-164
-172
-236
-288
-428
-524
-568
-500
-388
-276
-196
-124
-228
-336
-440
-532
-544
-492
-384
-272
-160
-172
-232
-360
-432
-564
-552
-504
-396
-276
-188
-176
-208
-316
-432
-512
-540
-476
-380
-276
-152
-184
-200
-304
-436
-532
-572
-524
-400
-260
-180
-164
-180
-296
-448
-552
-532
-500
-412
-276
-184
-160
-212
-308
-432
-512
-580
-492
-404
-292
-192
-160
-212
-320
-404
-524
-524
-504
-396
-240
-168
-136
-216
-300
-432
-500
-528
-492
-412
-268
-184
-160
-228
-332
-436
-520
-532
-476
-380
-288
-180
-148
-216
-300
-420
-524
-528
-504
-388
-284
-196
-140
-208
-320
-416
-552
-568
-476
-372
-248
-168
-144
-224
-304
-456
-524
-576
-488
-384
-288
-172
-168
-228
-360
-428
-488
-540
-500
-404
-292
-184
-192
-240
-320
-428
-524
-532
-480
-396
-268
-184
-232
-224
-304
-432
-476
-512
-496
-388
-264
-216
-168
-252
-320
-424
-512
-532
-500
-360
-288
-188
-160
-252
-308
-388
-516
-544
-480
-392
-272
-200
-168
-192
-320
-420
-480
-504
-480
-384
-280
-192
-144
-196
-292
-388
-496
-508
-496
-388
-296
-192
-192
-240
-284
-408
-496
-524
-488
-388
-296
-196
-208
-204
-296
-396
-500
-536
-508
-384
-280
-216
-192
-232
-348
-404
-480
-500
-488
-368
-280
-208
-208
-228
-320
-388
-504
-520
-464
-372
-296
-208
-216
-248
-348
-416
-468
-456
-456
-388
-304
-232
-200
-232
-328
-372
-480
-500
-472
-432
-280
-208
-184
-220
-312
-404
-484
-492
-456
-388
-296
-200
-164
-196
-276
-408
-496
-508
-472
-388
-256
-228
-200
-192
-296
-452
-540
-520
-448
-392
-260
-204
-208
-252
-312
-420
-512
-504
-500
-364
-264
-216
-160
-200
-312
-452
-472
-500
-448
-372
-252
-196
-180
-244
-296
-416
-520
-520
-476
-328
-276
-204
-200
-252
-296
-404
-524
-512
-476
-400
-280
-216
-172
-228
-332
-396
-500
-492
-452
-368
-268
-208
-152
-196
-328
-432
-528
-540
-472
-384
-276
-184
-168
-232
-340
-416
-492
-536
-480
-404
-264
-208
-220
-216
-344
-432
-500
-532
-472
-368
-260
-208
-152
-268
-304
-432
-508
-492
-460
-372
-276
-160
-192
-248
-308
-424
-496
-524
-464
-356
-248
-172
-168
-240
-360
-420
-500
-512
-484
-348
-284
-176
-164
-228
-332
-456
-516
-492
-444
-368
-276
-180
-152
-228
-352
-460
-540
-532
-464
-388
-268
-184
-168
-252
-348
-404
-524
-500
-472
-384
-252
-204
-208
-244
-320
-428
-492
-500
-500
-360
-296
-176
-192
-228
-324
-424
-488
-524
-476
-364
-276
-208
-208
-232
-364
-448
-512
-524
-456
-380
-276
-196
-188
-228
-320
-428
-500
-524
-476
-376
-280
-180
-164
-236
-296
-432
-500
-480
-444
-364
-276
-200
-180
-252
-336
-428
-504
-504
-448
-344
-252
-196
-160
-228
-348
-416
-492
-520
-448
-368
-252
-208
-196
-212
-332
-432
-500
-508
-476
-352
-276
-192
-188
-248
-344
-436
-492
-500
-456
-356
-264
-232
-192
-248
-356
-476
-544
-496
-420
-352
-252
-204
-208
-260
-340
-408
-484
-504
-464
-372
-248
-208
-192
-248
-312
-432
-500
-524
-432
-316
-260
-188
-208
-248
-332
-452
-480
-512
-452
-344
-260
-176
-184
-288
-356
-372
-488
-484
-460
-372
-260
-196
-196
-264
-344
-412
-512
-460
-484
-360
-276
-208
-188
-220
-360
-440
-468
-504
-436
-364
-252
-228
-216
-232
-348
-456
-492
-508
-456
-372
-284
-212
-212
-236
-376
-456
-512
-496
-400
-344
-276
-220
-192
-204
-344
-436
-508
-468
-456
-336
-284
-220
-184
-276
-316
-436
-504
-460
-396
-344
-240
-224
-212
-244
-332
-424
-492
-492
-436
-344
-248
-220
-220
-268
-320
-428
-480
-476
-448
-344
-288
-192
-224
-288
-376
-412
-468
-480
-412
-360
-252
-252
-196
-288
-372
-408
-436
-468
-416
-348
-272
-176
-188
-260
-364
-432
-480
-484
-420
-356
-288
-212
-208
-292
-344
-412
-460
-468
-424
-368
-280
-208
-228
-296
-324
-436
-476
-468
-436
-336
-276
-192
-204
-296
-344
-448
-484
-492
-412
-384
-272
-252
-200
-256
-352
-420
-480
-440
-408
-352
-280
-224
-236
-268
-340
-452
-488
-484
-412
-352
-256
-204
-224
-276
-364
-388
-468
-504
-440
-356
-264
-220
-240
-296
-364
-464
-452
-468
-428
-372
-256
-224
-200
-288
-380
-436
-468
-460
-440
-352
-276
-196
-228
-272
-368
-416
-500
-464
-416
-312
-260
-224
-216
-268
-332
-412
-480
-456
-412
-336
-292
-188
-228
-292
-388
-464
-488
-456
-420
-344
-264
-204
-244
-272
-344
-428
-484
-468
-408
-336
-260
-188
-228
-276
-356
-448
-480
-432
-420
-344
-268
-228
-256
-280
-368
-420
-488
-464
-412
-324
-268
-228
-252
-260
-348
-412
-484
-448
-428
-336
-296
-252
-252
-276
-352
-440
-480
-472
-408
-360
-252
-216
-208
-272
-364
-452
-496
-472
-432
-328
-252
-252
-248
-284
-364
-456
-480
-468
-416
-344
-264
-208
-248
-316
-352
-412
-464
-492
-392
-348
-292
-236
-220
-276
-352
-440
-476
-456
-404
-344
-252
-236
-232
-296
-356
-420
-500
-460
-420
-316
-276
-228
-228
-276
-364
-416
-476
-464
-432
-320
-264
-204
-240
-284
-336
-440
-452
-452
-396
-348
-276
-240
-256
-268
-368
-416
-472
-480
-424
-340
-288
-264
-264
-304
-384
-404
-468
-460
-412
-356
-304
-220
-228
-292
-352
-408
-476
-492
-392
-340
-300
-264
-228
-276
-368
-408
-452
-476
-424
-352
-244
-268
-252
-308
-392
-416
-456
-456
-384
-356
-280
-244
-260
-280
-344
-420
-460
-464
-404
-360
-272
-224
-216
-312
-376
-416
-456
-476
-460
-380
-272
-240
-252
-312
-368
-416
-456
-472
-412
-344
-284
-244
-252
-272
-340
-444
-456
-452
-396
-348
-288
-240
-244
-296
-388
-436
-472
-456
-408
-356
-308
-248
-252
-248
-320
-436
-480
-448
-432
-344
-296
-244
-240
-276
-348
-420
-488
-484
-400
-356
-296
-244
-228
-264
-332
-424
-464
-500
-388
-332
-316
-284
-268
-296
-344
-432
-468
-456
-420
-336
-292
-224
-276
-316
-332
-388
-480
-476
-440
-324
-272
-232
-264
-288
-344
-396
-452
-436
-436
-336
-288
-240
-256
-288
-320
-392
-464
-456
-420
-356
-264
-252
-256
-304
-368
-384
-448
-432
-400
-364
-264
-268
-252
-312
-348
-416
-460
-412
-416
-320
-320
-256
-268
-316
-344
-432
-456
-448
-408
-340
-284
-264
-256
-320
-352
-452
-432
-444
-424
-352
-284
-256
-296
-312
-376
-428
-464
-464
-416
-384
-276
-228
-252
-284
-320
-440
-456
-448
-400
-344
-284
-252
-264
-300
-388
-400
-464
-480
-384
-348
-304
-224
-252
-308
-344
-428
-476
-456
-396
-344
-316
-240
-252
-292
-392
-432
-468
-460
-400
-340
-280
-264
-264
-280
-380
-416
-492
-468
-384
-344
-248
-240
-252
-312
-344
-412
-472
-480
-388
-328
-280
-236
-244
-272
-388
-440
-456
-476
-416
-340
-268
-240
-252
-296
-364
-424
-432
-480
-404
-324
-280
-236
-240
-336
-360
-456
-456
-460
-412
-320
-292
-248
-260
-296
-388
-436
-476
-412
-380
-364
-284
-248
-248
-280
-360
-432
-436
-456
-400
-328
-296
-276
-276
-320
-344
-428
-452
-444
-416
-348
-264
-236
-252
-316
-344
-416
-472
-468
-432
-324
-272
-256
-260
-288
-344
-408
-456
-456
-404
-324
-252
-256
-272
-320
-356
-388
-436
-452
-420
-344
-276
-208
-272
-304
-384
-448
-432
-452
-404
-364
-276
-232
-276
-320
-364
-436
-448
-460
-416
-328
-300
-248
-252
-312
-388
-436
-472
-472
-380
-344
-292
-236
-276
-324
-388
-424
-476
-436
-420
-344
-296
-260
-268
-296
-376
-448
-444
-424
-400
-348
-304
-260
-244
-320
-372
-440
-468
-464
-384
-344
-276
-280
-276
-308
-388
-472
-476
-440
-396
-324
-288
-260
-276
-284
-360
-436
-452
-424
-404
-344
-284
-224
-268
-276
-356
-428
-452
-424
-400
-332
-284
-260
-280
-304
-368
-432
-468
-444
-392
-344
-272
-224
-276
-344
-396
-436
-456
-448
-364
-364
-292
-276
-276
-296
-344
-436
-460
-388
-424
-336
-256
-276
-276
-320
-368
-428
-460
-432
-384
-368
-272
-256
-260
-304
-388
-456
-440
-408
-392
-336
-276
-276
-240
-296
-388
-448
-460
-432
-396
-344
-288
-256
-252
-296
-368
-444
-456
-436
-384
-296
-276
-272
-252
-332
-384
-428
-456
-416
-412
-340
-244
-244
-268
-320
-408
-456
-448
-432
-388
-324
-292
-276
-280
-320
-384
-464
-444
-488
-372
-300
-296
-248
-280
-344
-364
-416
-436
-412
-392
-332
-268
-296
-256
-300
-388
-432
-444
-440
-380
-364
-260
-256
-300
-344
-388
-416
-420
-440
-408
-332
-276
-268
-320
-304
-364
-436
-440
-456
-376
-344
-268
-280
-276
-324
-388
-416
-456
-424
-396
-320
-280
-252
-308
-336
-364
-372
-456
-412
-388
-324
-284
-276
-272
-304
-376
-440
-452
-416
-376
-344
-296
-268
-276
-344
-384
-420
-464
-424
-388
-316
-276
-260
-296
-340
-388
-448
-468
-436
-400
-280
-316
-236
-272
-336
-388
-440
-452
-456
-364
-328
-296
-276
-276
-320
-388
-436
-476
-444
-368
-332
-308
-280
-296
-332
-372
-412
-416
-412
-404
-356
-296
-268
-264
-332
-380
-412
-480
-408
-376
-320
-276
-252
-292
-336
-376
-420
-456
-424
-388
-352
-280
-240
-284
-316
-388
-432
-408
-440
-364
-316
-304
-256
-292
-336
-380
-428
-436
-404
-412
-304
-292
-248
-264
-328
-404
-424
-448
-412
-376
-344
-324
-276
-264
-320
-380
-412
-452
-432
-380
-348
-312
-268
-300
-336
-388
-424
-428
-416
-368
-340
-272
-264
-296
-308
-364
-456
-444
-432
-364
-312
-312
-276
-296
-336
-372
-420
-456
-416
-356
-320
-300
-296
-296
-320
-364
-432
-452
-436
-364
-320
-256
-280
-288
-328
-360
-456
-448
-404
-356
-304
-296
-288
-304
-336
-412
-428
-436
-396
-364
-328
-264
-280
-320
-324
-388
-412
-420
-432
-388
-320
-264
-288
-268
-320
-376
-436
-444
-408
-388
-340
-276
-292
-256
-316
-380
-424
-440
-412
-388
-344
-284
-288
-292
-320
-388
-452
-452
-416
-388
-328
-296
-284
-276
-324
-364
-416
-412
-408
-388
-320
-264
-256
-320
-296
-400
-428
-448
-480
-376
-324
-284
-268
-300
-324
-408
-428
-436
-408
-344
-344
-304
-304
-300
-336
-336
-408
-424
-404
-388
-332
-268
-284
-276
-332
-392
-432
-432
-400
-400
-340
-276
-256
-312
-380
-404
-432
-404
-408
-368
-320
-320
-292
-276
-312
-376
-444
-420
-420
-376
-328
-320
-268
-296
-340
-384
-376
-416
-376
-388
-312
-312
-260
-300
-336
-364
-452
-424
-400
-360
-344
-288
-280
-292
-324
-400
-368
-420
-404
-408
-364
-252
-260
-300
-336
-372
-376
-408
-416
-348
-324
-308
-276
-304
-316
-384
-412
-432
-428
-404
-344
-276
-284
-280
-356
-388
-412
-424
-372
-380
-328
-304
-304
-296
-332
-388
-432
-424
-420
-364
-300
-308
-292
-272
-324
-368
-388
-412
-424
-388
-336
-280
-296
-296
-308
-348
-412
-432
-412
-388
-352
-296
-252
-288
-320
-384
-404
-416
-408
-352
-384
-288
-296
-304
-324
-396
-436
-412
-392
-388
-364
-296
-280
-296
-364
-360
-412
-424
-380
-412
-328
-304
-288
-256
-344
-368
-392
-420
-404
-384
-356
-296
-272
-276
-340
-384
-444
-424
-416
-400
-336
-304
-276
-336
-316
-364
-392
-476
-428
-384
-304
-320
-284
-324
-328
-384
-424
-396
-408
-380
-348
-312
-256
-296
-304
-376
-420
-412
-404
-364
-336
-300
-260
-280
-340
-400
-416
-440
-424
-388
-344
-292
-276
-300
-336
-368
-400
-452
-412
-372
-316
-288
-288
-300
-364
-388
-412
-432
-388
-400
-344
-300
-272
-324
-348
-408
-396
-404
-396
-392
-332
-340
-264
-296
-336
-392
-416
-416
-400
-348
-320
-292
-272
-292
-336
-376
-396
-444
-388
-376
-332
-276
-296
-292
-376
-412
-456
-404
-400
-368
-348
-324
-296
-308
-332
-364
-432
-444
-404
-360
-364
-304
-256
-296
-332
-388
-432
-412
-412
-364
-340
-312
-268
-300
-352
-388
-400
-424
-400
-368
-288
-268
-296
-328
-364
-372
-380
-440
-424
-404
-308
-288
-276
-312
-352
-376
-404
-444
-436
-404
-316
-280
-276
-300
-352
-384
-408
-392
-408
-396
-356
-296
-260
-300
-340
-388
-420
-416
-388
-388
-300
-300
-280
-300
-364
-396
-420
-424
-412
-384
-308
-276
-288
-308
-340
-380
-432
-420
-396
-364
-304
-304
-300
-308
-340
-352
-432
-432
-388
-352
-324
-312
-288
-312
-356
-400
-400
-432
-412
-364
-284
-276
-312
-316
-344
-364
-424
-412
-412
-364
-308
-304
-276
-312
-336
-380
-436
-432
-412
-360
-320
-288
-296
-320
-340
-404
-420
-412
-412
-380
-336
-272
-304
-328
-364
-400
-400
-420
-412
-348
-320
-296
-276
-304
-352
-336
-420
-412
-420
-360
-324
-300
-296
-344
-336
-388
-408
-420
-388
-368
-312
-304
-288
-308
-356
-400
-428
-416
-396
-356
-328
-284
-276
-344
-336
-368
-388
-428
-400
-388
-308
-348
-288
-304
-372
-364
-392
-424
-372
-348
-320
-276
-300
-300
-344
-376
-408
-412
-404
-376
-344
-296
-328
-320
-348
-396
-416
-416
-404
-348
-320
-260
-284
-300
-352
-376
-428
-368
-408
-360
-308
-308
-280
-320
-352
-396
-412
-412
-384
-372
-320
-324
-248
-344
-328
-364
-428
-428
-392
-344
-324
-300
-320
-344
-332
-388
-432
-412
-376
-360
-320
-308
-304
-304
-340
-372
-412
-444
-400
-360
-304
-296
-296
-360
-348
-388
-432
-404
-388
-380
-304
-308
-280
-328
-356
-380
-408
-416
-388
-344
-336
-304
-272
-344
-364
-408
-412
-412
-392
-344
-296
-296
-276
-304
-356
-380
-416
-432
-420
-356
-328
-276
-280
-296
-344
-384
-432
-400
-368
-364
-332
-268
-292
-340
-352
-404
-396
-444
-428
-336
-320
-320
-296
-324
-328
-388
-384
-372
-428
-384
-324
-312
-276
-320
-344
-376
-408
-388
-348
-348
-336
-296
-304
-300
-344
-392
-384
-396
-388
-376
-344
-340
-296
-312
-356
-392
-396
-460
-396
-364
-336
-292
-292
-316
-324
-360
-404
-408
-408
-344
-332
-304
-276
-316
-388
-364
-416
-380
-388
-388
-328
-316
-292
-304
-344
-400
-392
-408
-388
-360
-328
-312
-292
-312
-384
-332
-432
-404
-376
-372
-296
-340
-304
-328
-336
-420
-428
-424
-404
-352
-320
-296
-312
-328
-348
-408
-404
-420
-392
-340
-332
-332
-304
-324
-380
-380
-424
-400
-428
-364
-364
-360
-324
-328
-340
-372
-408
-432
-388
-356
-336
-300
-304
-328
-364
-364
-420
-408
-420
-364
-344
-320
-316
-312
-368
-368
-404
-388
-404
-384
-340
-320
-296
-352
-364
-396
-404
-432
-384
-352
-328
-296
-320
-316
-348
-364
-388
-436
-400
-348
-364
-280
-308
-340
-360
-388
-416
-404
-392
-376
-356
-320
-304
-328
-368
-368
-428
-432
-380
-364
-336
-348
-352
-324
-356
-372
-412
-432
-388
-360
-320
-336
-336
-324
-332
-380
-400
-436
-412
-372
-316
-312
-292
-336
-376
-368
-404
-436
-364
-332
-344
-296
-316
-320
-324
-380
-404
-416
-392
-356
-320
-304
-296
-320
-392
-364
-444
-432
-388
-376
-332
-332
-336
-352
-344
-348
-388
-400
-380
-396
-344
-296
-296
-320
-388
-376
-388
-404
-388
-388
-372
-308
-320
-324
-328
-360
-432
-396
-388
-364
-356
-332
-344
-312
-356
-384
-420
-428
-392
-332
-316
-328
-328
-344
-364
-380
-416
-424
-392
-404
-328
-320
-332
-340
-364
-368
-412
-408
-400
-356
-332
-336
-328
-356
-348
-396
-412
-416
-412
-364
-284
-308
-312
-308
-384
-412
-396
-400
-412
-352
-360
-352
-284
-348
-368
-368
-420
-412
-388
-380
-332
-296
-336
-300
-360
-400
-416
-416
-412
-332
-340
-300
-308
-348
-352
-380
-376
-412
-376
-380
-352
-344
-316
-340
-364
-400
-400
-400
-432
-380
-356
-312
-300
-332
-348
-368
-396
-412
-384
-384
-324
-324
-340
-324
-360
-400
-416
-420
-380
-352
-308
-356
-340
-320
-344
-392
-420
-432
-400
-352
-328
-324
-308
-312
-360
-416
-396
-408
-388
-368
-324
-328
-284
-364
-368
-416
-412
-408
-408
-356
-356
-312
-320
-292
-372
-384
-396
-408
-388
-364
-336
-336
-328
-316
-364
-396
-412
-424
-408
-328
-344
-308
-324
-340
-368
-404
-376
-416
-408
-368
-344
-332
-332
-360
-376
-404
-416
-388
-376
-376
-348
-324
-320
-336
-372
-392
-428
-384
-388
-368
-348
-344
-320
-344
-344
-388
-392
-428
-384
-360
-308
-336
-340
-364
-348
-408
-412
-420
-388
-368
-332
-300
-320
-364
-364
-384
-412
-388
-400
-364
-336
-308
-344
-320
-352
-388
-424
-424
-376
-368
-360
-304
-328
-344
-356
-396
-392
-416
-376
-376
-328
-320
-336
-320
-364
-400
-380
-412
-400
-400
-328
-292
-324
-348
-372
-372
-416
-412
-364
-372
-348
-344
-304
-304
-368
-400
-436
-368
-396
-364
-324
-328
-340
-372
-340
-384
-436
-412
-364
-352
-320
-316
-340
-344
-380
-380
-400
-432
-376
-344
-364
-340
-340
-348
-384
-396
-404
-392
-392
-364
-348
-320
-320
-332
-384
-396
-388
-404
-380
-348
-316
-312
-300
-364
-392
-384
-420
-388
-376
-364
-368
-332
-312
-348
-364
-388
-420
-420
-384
-348
-320
-332
-320
-304
-388
-388
-432
-408
-388
-356
-332
-336
-308
-332
-344
-404
-404
-400
-400
-392
-304
-300
-312
-324
-344
-388
-404
-428
-432
-356
-324
-288
-312
-352
-376
-380
-420
-416
-392
-344
-328
-316
-340
-344
-388
-432
-408
-404
-368
-384
-308
-304
-336
-332
-364
-412
-424
-404
-388
-384
-340
-336
-312
-328
-376
-408
-420
-416
-404
-344
-348
-316
-332
-348
-380
-396
-440
-436
-392
-344
-316
-312
-344
-368
-376
-380
-384
-408
-392
-344
-360
-332
-344
-356
-388
-380
-392
-396
-364
-364
-344
-348
-328
-340
-400
-412
-400
-428
-388
-356
-340
-328
-332
-352
-352
-368
-400
-388
-404
-392
-348
-320
-348
-368
-388
-392
-388
-404
-392

